0 1.487416359685076 283.4112503779876
1 1.1337204723162064 221.82060030691835
2 2.8175970565425588 183.04382509059195
3 0.36779538367334397 350.48134656262295
4 3.6290174373584563 371.71398204119424
5 0.764362939439978 263.91951206347073
6 0.27155885096984833 176.44322375177214
7 0.906581991639674 142.47027461775406
8 1.326266059932541 194.07713812735813
9 0.005365317352046131 253.29598979873063
10 1.5267652998652783 203.06652361387376
11 0.7219608321246072 161.41033696581874
12 0.17477033851661725 186.063260087584
13 2.4582967216398632 183.11185258940836
14 0.28456811242345303 170.64284476577063
15 0.5036961996536213 186.86758258404475
16 0.1690037849825797 177.73192406044888
17 0.12096051891256532 191.22672887844115
18 1.7914086505694895 228.49549945869018
19 0.23963388226449633 150.20822486643334
20 3.198668735075305 163.79552601910444
21 0.23963388226449717 176.8390058290889
22 1.1043800970992415 194.8923738489665
23 0.0011286528924233385 163.38858326330273
24 1.1016614561199038 134.02203659812722
25 0.0011286528924233385 209.44421498561425
26 0.3415401536351341 175.29612656696156
27 0.12788661964049783 165.17433395275967
28 0.9280999128917761 175.8083633358634
29 0.044515458958048565 129.17596824584388
30 0.11587443577287558 212.3480520034248
31 0.7137526331613806 174.09981037359313
32 0.7220497836487922 178.63077793017982
33 0.26596081126373217 166.1424836258394
34 0.7200134734172017 189.74913726759416
35 0.4348653037186585 165.8638795367461
36 0.3676152898062065 223.8084701194356
37 0.3648186259432034 160.78560299425706
38 0.5056965516730553 182.94112055965945
39 1.7897115279657823 203.82182786160408
40 0.09011389921593246 194.23188081439295
41 0.3858226763571972 202.01690635446232
42 0.018781382349196844 151.76432582098505
43 0.28469898560184875 202.80319665386037
44 0.25759197895418917 211.92110284125093
45 0.21190778838867597 178.75235132999558
46 0.5693416479902591 145.1844841083764
47 1.1870578646909236 208.43414009068636
48 0.9499221833088749 174.96999321308388
49 0.017040478161383297 188.73797463941344
50 0.09045559029817711 164.71233325483013
51 0.07516581024992068 145.64364243508305
52 0.281555764916367 146.01070610343385
53 0.0024661248988634733 222.77912005279003
54 0.17960801110509747 206.50742558200983
55 0.29408223811052775 160.4976689199927
56 0.03103937742951559 161.57365484289986
57 1.8331355647326286 172.00105832164596
58 0.74092184107631 180.47623504697486
59 0.3551765237114074 182.9458721701963
60 0.10930168616937905 206.91067825978905
61 0.2084488445900973 160.18534424374366
62 2.627367897351646 185.6254736060776
63 0.41451353665623203 182.8975917303962
64 0.8959187812328026 175.07510957184874
65 0.6713168162243666 180.82292394023088
66 0.41076619787309776 136.86761108503967
67 0.03174877792204576 183.80267318811642
68 0.09974867465776295 152.4992804889757
69 1.4932269896799273 158.4982061780761
70 0.6223546454712303 154.34647781637582
71 0.10717187383102804 186.03460825271472
72 0.18160912295116471 191.41708513723088
73 0.048383229923214685 169.7881503748175
74 0.0057390294889958365 168.55285077965988
75 0.0050571926376181105 130.17585088686786
76 2.048220926789194 210.57172336706813
77 0.6734483000661803 175.29286385059947
78 0.28830984529435416 176.65913977406407
79 2.2139638739529333 153.5939376858509
80 2.2079939104405253 177.88617132699525
81 0.5449960835767683 167.4738045109342
82 0.0416339743073688 176.54074175338368
83 1.3091827810260162 127.30741340938616
84 0.42290554853470774 166.14548494399602
85 0.9528035546985442 155.0447957487122
86 1.8928120284854586 159.93801088488982
87 0.475619004955787 135.43937226546316
88 0.2770387337864475 154.13287092352437
89 1.6866300133922356 159.95455069262877
90 0.9072567499389249 160.17857619475066
91 0.6614409591360244 154.65266240121275
92 0.4353229533387308 149.98868955291894
93 0.18692055747750266 164.22346962916865
94 4.40095987167012 158.8197095634593
95 0.3413509422591928 190.62691512332935
96 0.285061409365589 164.5427055180695
97 1.4669742671266068 193.94070350567674
98 0.09628286892338611 146.1237514677061
99 0.4811042957693463 159.5270620266891
100 1.7119625528944178 146.78758439997662
101 1.6290860144819403 236.80501805799796
102 0.7147079637325957 177.87106605752606
103 0.0643938386288411 198.25258248038196
104 0.36258836745377865 160.0192632387645
105 1.7933202801456074 187.82514268177664
106 0.19812960991625694 230.65931666931104
107 0.6036468009383177 203.76339431745473
108 0.9877075185959631 154.50816630521268
109 1.0482393783718877 174.85198716578583
110 0.27173894010485217 180.70179748166714
111 0.9341604894838499 162.9659484352276
112 0.23226582069854224 160.53459300014458
113 0.042809780661767674 192.64983397846223
114 0.05745307965609445 190.44736753020806
115 1.469528797505202 182.6123862530103
116 1.397575527885849 174.82357543508533
117 0.4131992440725252 168.7726839101337
118 2.117447027247165 240.48152089959356
119 1.196365058848217 182.09972626476522
120 1.0530607199031152 148.63168270922276
121 0.8733824346266228 149.03996124902872
122 0.3410541138214794 206.77756081125665
123 0.044519278717537164 195.26851674958954
124 0.4593096904014211 149.11862104211187
125 0.19082821060813018 133.79255364253805
126 4.267110394673719 188.36591051135653
127 0.16363118531989512 187.05094473490854
128 0.08498759612951678 178.46797235091907
129 0.39793059573793566 136.6611525138059
130 0.043935275757460146 193.2376803903257
131 0.05097062740034067 166.81276526199255
132 0.0014252730882948652 169.8753361034855
133 0.46904372106012376 192.96073670230552
134 0.12297847509664465 215.37066205721035
135 0.059754659019094804 153.11920143152986
136 1.0329844976200855 147.78280870003792
137 0.06579860759608 179.44423531974982
138 0.164762957356491 172.9454926274946
139 0.18456302750776443 213.9661102995714
140 0.6497513027794848 194.72658635644612
141 1.1588888102862838 216.93452172026025
142 0.05996071548016178 230.60487119655667
143 0.13103858800635043 245.37811431303416
144 0.19719684801969453 202.02538060607384
145 0.9115978688682999 147.39249354306978
146 0.4315399536021371 145.14903905354882
147 0.4282653773935349 148.8574529296182
148 0.30914987386488446 198.39939373756613
149 0.8064713506197563 156.2315883450712
150 0.2732016195410615 181.40492110467264
151 0.2258726929354312 148.58674993707743
152 0.510021639492624 200.157217520441
153 0.9742629449834279 177.34892036169438
154 0.11028646234569224 190.88222883217978
155 1.7175340027515404 159.34220953838857
156 0.1424054106758037 159.02453373116907
157 1.835780942436442 164.67041898632098
158 0.07732684734185281 172.97059806275232
159 0.20569344858727776 176.59492976602345
160 0.05079562615838515 156.5962643079315
161 1.7105265871828095 172.10911207145307
162 0.16391983813929614 202.081311674324
163 1.2806415928724864 171.7338680516217
164 0.5598137386716079 214.69722001565552
165 0.6769805805988482 155.83008887851565
166 0.49417664076951806 186.5191911170992
167 0.863343335050261 189.01268899510077
168 0.7062016798136164 181.24422553979912
169 0.8083892899651446 181.46017567712394
170 0.22163561386375374 172.50750399122106
171 0.7453815528503149 197.06704183367262
172 0.03385127099528162 170.9511305943316
173 0.025516349330551767 198.44224769171007
174 0.07340687753877431 124.35333640052046
175 1.9422355999156506 222.4068534241995
176 0.02338613470920026 163.71773190496378
177 1.812005024677332 178.96370929043877
178 0.643498065814355 143.60469141807062
179 0.468923167959837 163.83802549720704
180 0.09777849123641341 143.4032341066425
181 0.4212075728856989 181.6969603035774
182 0.8003578490658687 190.84772231086455
183 0.0007918439901338542 187.79127522668344
184 1.0251674503780328 157.97404182746936
185 0.17347042394056175 170.46116126361395
186 6.299748863472726 195.43398049798648
187 0.5189658113018395 135.84104783679905
188 4.3908085686115506 170.9086258335783
189 5.488713336283525 152.5710675911797
190 5.3845105334725 161.74085461487323
191 1.2822485081444555 138.01160829413433
192 2.0784707847418984 148.5293470556339
193 1.2442233534487996 150.31452005578373
194 0.5626553706309361 162.1743310838082
195 0.04974809154364083 130.6362636733053
196 2.6384926075096287 138.3289602701029
197 0.015044496744907744 159.34605079333033
198 1.0588898278479006 151.24230283332912
199 0.8674875667045228 161.02931932085232
