0 -30.947164347004815
1 -17.666071662265985
2 -14.931654725450091
3 -2.8892266567581855
4 -0.1966912158181005
5 1.1011975786973052
6 -0.8586668337647172
7 0.48388292462362736
8 0.2956511021958197
9 0.14952109005563802
10 2.2559828205544497
11 3.110564790833447
12 2.3575858141579764
13 1.9829104020745159
14 35.289772572800224
15 9.512417663709744
16 36.452022106586284
17 37.1605601212783
18 2.429547903554703
19 3.028094730965959
20 3.2213884250389393
21 4.501352274835474
22 2.0492948344460076
23 2.3764017420667845
24 3.02748632403134
25 23.447210692765402
26 54.51387701878021
27 60.769705239786525
28 23.000061419042673
29 11.208428684256273
30 75.00978247945635
31 46.11684939450454
32 48.2242299931324
33 105.77743048299916
34 105.02974006603677
35 46.33214531199077
36 12.36790216551932
37 62.298378115319835
38 58.01454058028945
39 10.37197262064147
40 40.29925637481993
41 25.105702008165167
42 40.12419318806765
43 17.52445437560792
44 18.292077426886415
45 13.24134296146229
46 32.24248435619324
47 41.900734640152876
48 48.18010401809769
49 96.6098903253299
50 35.18467937579927
51 109.65424216824786
52 112.76551005434472
53 77.84762568848187
54 104.3240491497651
55 118.76372444160307
56 146.7162042322198
57 95.87942380626782
58 109.83888173310899
59 118.64608487298554
60 129.84920718113688
61 117.55152997913106
62 116.96817213404489
63 119.67134638567063
64 111.67315175418292
65 117.14183989000594
66 98.14229631371448
67 116.14215645418248
68 117.01451940349688
69 116.51228630377787
70 104.40137610256596
71 104.91373174577572
72 105.3798126915926
73 181.52221066251508
74 144.0466600516816
75 147.61512662079676
76 141.84169436955756
77 146.40798870149365
78 157.94022596855623
79 170.70163090150814
80 160.85126848953706
81 131.60264657822322
82 167.16091094031668
83 152.300739172335
84 172.98988505022345
85 173.98679433279108
86 178.09484811096496
87 172.25988845433596
88 165.05188304666757
89 167.20370245689173
90 177.1057330272165
91 184.8132719939711
92 211.91564385938187
93 182.8278557008843
94 190.4903295208666
95 189.27829923729848
96 197.34943588812015
97 195.2905148117007
98 195.92746849625914
99 174.97792343009047
100 196.83100707055561
101 196.1694617176782
102 192.57448041734645
103 191.40032811648237
104 195.6053313142127
105 195.18763674797611
106 199.40493809240576
107 193.37291315934576
108 193.3351081150709
109 197.50489836949828
110 196.9941583043679
111 195.88995845186696
112 207.70151436754918
113 204.29503848075097
114 202.65864545683982
115 206.7380062739713
116 204.2684298594042
117 211.3608619631646
118 205.5546153763001
119 205.71511626140096
120 206.63388665418432
121 206.9710758890941
122 204.48760184530977
123 205.91654251919152
124 205.63937794078248
125 205.44054553901023
126 204.13878644390843
127 204.9684576231849
128 203.47265312382248
129 203.53864483311048
130 203.77256621177145
131 207.20998215212632
132 214.35018455444174
133 212.7642795649277
134 222.16025193921678
135 221.41543751400354
136 220.23283150838864
137 221.72699169313145
138 221.21907214104885
139 222.75373147456494
140 220.8092229814162
141 219.04085427129434
142 224.36491807882317
143 218.96061304237531
144 220.0103599758291
145 218.9216695226804
146 222.28037939203745
147 219.79631972298301
148 198.59601375357343
149 192.23511656967582
150 196.40504716758613
151 201.63788623152476
152 209.14037888543757
153 225.21846098515192
154 219.49163943088098
155 199.7764303433959
156 201.95432408637066
157 198.85024701192145
158 214.73895324087079
159 198.38035977355895
160 199.88158222276434
161 195.09342632998482
162 197.22245147784355
163 192.57040265620392
164 191.89415381015834
165 191.24306759930306
166 196.03345222041855
167 204.77245463385822
168 193.88442502234767
169 203.64100949189697
170 192.57799692272857
171 196.80947090712067
172 215.61655469186363
173 211.54405257757975
174 214.54107096047898
175 209.24752273909203
176 196.39685096837528
177 235.15517976815173
178 233.01684572837905
179 204.67729277989832
180 207.70624187574595
181 207.87214038082345
182 227.36194177945697
183 230.3515345855439
184 233.17685377883623
185 214.16366258781895
186 216.80649341193944
187 210.25257019647177
188 209.38945041734848
189 218.80516693028198
190 217.18097960470786
191 217.21545685287464
192 213.85005876592453
193 216.57602792953497
194 210.8029156831222
195 214.3054129768696
196 210.94109137431118
197 213.4210227607553
198 213.10402177257114
199 212.477497541121
200 211.81301834255277
201 209.61640467640558
202 213.4665278442932
203 205.3969414631045
204 212.21582790605484
205 213.61328899400309
206 211.0296030636684
207 209.4522323605544
208 210.2096361432312
209 211.08283024223948
210 211.22222118100754
211 215.38872771377768
212 209.43456440896392
213 213.3872724318905
214 215.49714405735523
215 214.15522689779837
216 211.63171578980123
217 184.00678365597338
218 195.59061065960913
219 190.11682284583145
220 188.0131697799215
221 189.26777747536119
222 210.50134538475652
223 185.64559408894394
224 187.20456119229297
225 193.31228673458128
226 193.06015921482043
227 197.9431815471907
228 191.66390524105253
229 190.1016348059524
230 189.2213847935027
231 199.39988647616497
232 203.04072895868393
233 201.94181224540768
234 199.18054385559043
235 198.19957387269181
236 203.29352860792505
237 200.03297030527756
238 200.12017318386287
239 199.33373094441748
240 195.6382968066677
241 203.04099481226706
242 202.1471887606071
243 207.05919196970717
244 200.68257688863596
245 206.3559474985152
246 223.0994532687041
247 203.28980653839065
248 220.0958463647084
249 202.32515205155838
250 216.4257633380545
251 206.09492771297914
252 201.01643602108598
253 195.81351356163617
254 202.19747552320746
255 202.19557530371418
256 200.49672766995883
257 195.87655220669475
258 212.14457965884753
259 196.0963664280368
260 211.465309289169
261 220.60677812235386
262 219.71991531756657
263 217.031822133728
264 204.2593796534984
265 207.97200269143528
266 191.6058698900074
267 198.29389721708395
268 193.49723350539227
269 205.6587359516157
270 198.8666225914776
271 200.55356282190388
272 200.9134946707573
273 202.8323399408671
274 204.98240128028183
275 196.8447810018191
276 201.35164467753708
277 198.27661204399885
278 203.11588308574522
279 203.17357232432153
280 197.54063469135127
281 222.98588737251026
282 197.54324139273
283 200.03269345572238
284 200.77117140808372
285 195.18985528275812
286 196.89801970300374
287 196.43079204372864
288 193.51071962766144
289 212.04059892914933
290 197.6235906829536
291 209.4383706035543
292 195.3406159058379
293 196.7125670783501
294 194.3436209574708
295 195.58235667029936
296 195.20620126989488
297 202.98397340830826
298 195.42758422098913
299 191.0518885117511
