1 -58.250389
2 -53.542487
3 -38.328270
4 -106.474843
5 -108.426694
6 -116.422487
7 -88.973458
8 -92.407106
9 -92.084911
10 -92.001105
11 -91.933269
12 -91.958772
13 -92.025857
14 -92.048917
15 -92.003333
16 -91.820685
17 -91.863478
18 -92.037495
19 -91.870587
20 -92.050319
21 -91.840737
22 -91.760934
23 -92.036851
24 -92.081060
25 -91.824675
26 -92.099599
27 -92.022380
28 -91.891158
29 -91.905650
30 -91.857674
31 -91.901271
32 -91.847989
33 -91.911149
34 -91.843859
35 -91.717957
36 -92.004247
37 -91.872092
38 -91.728749
39 -91.848182
40 -92.039060
41 -91.689107
42 -92.294643
43 -92.148092
44 -92.202043
45 -92.116616
46 -91.727709
47 -92.217979
48 -92.363453
49 -91.168862
50 -91.857453
51 -91.609741
52 -12.051073
53 -16.661501
54 -16.019779
55 -15.835125
56 -16.556975
57 -15.606442
58 -16.878400
59 -7.848422
60 -10.599599
61 -7.612673
62 -8.230648
63 -9.577027
64 -10.948637
65 -12.248600
66 -12.947096
67 -12.960296
68 -13.420863
69 -13.624653
70 -12.892773
71 -18.644355
72 -13.842585
73 -18.363906
74 -13.254525
75 -12.600761
76 -11.921193
77 -11.330731
78 -12.023204
79 -10.947672
80 -10.988001
81 -10.584225
82 -10.130472
83 -9.955938
84 -0.565698
85 -5.681369
86 -5.063754
87 1.591904
88 -3.071473
89 -2.950287
90 -1.354014
91 3.995022
92 -0.912344
93 -1.489038
94 5.908427
95 1.064170
96 6.714449
97 6.436378
98 6.911800
99 7.109911
100 0.262624
101 1.210683
102 6.748263
103 6.876427
104 6.317721
105 7.608843
106 5.920477
107 5.766961
108 6.161093
109 6.330018
110 7.379562
111 6.349762
112 7.027541
113 7.535513
114 7.065917
115 6.478171
116 6.707384
117 5.464842
118 6.075126
119 6.576664
120 6.428566
121 5.750507
122 5.942548
123 7.195424
124 7.319862
125 5.586079
126 5.148092
127 7.086024
128 5.508933
129 5.723140
130 6.470534
131 6.476941
132 6.352883
133 5.764274
134 6.693408
135 5.788696
136 6.669988
137 7.100922
138 7.267792
139 6.523695
140 6.511214
141 6.378171
142 5.930136
143 6.425674
144 6.647405
145 6.379562
146 6.094062
147 6.600536
148 6.628417
149 6.385337
150 7.569439
151 6.745505
152 6.332756
153 6.568255
154 6.068459
155 6.514761
156 5.706004
157 6.010711
158 5.736918
159 5.947535
160 6.268250
161 6.987485
162 5.299439
163 6.376530
164 6.192127
165 6.299041
166 6.631352
167 6.633882
168 6.932130
169 6.527408
170 7.134516
171 7.048249
172 6.650609
173 6.396883
174 6.762152
175 6.802318
176 6.723183
177 7.006065
178 6.513585
179 6.739941
180 6.766198
181 6.859429
182 6.862452
183 6.957076
184 6.494153
185 6.844103
186 6.862413
187 7.132095
188 6.908647
189 6.802186
190 6.817133
191 7.282142
192 6.842018
193 6.827902
194 6.425460
195 6.233031
196 6.570745
197 7.077220
198 6.375881
199 6.838797
200 6.881679
201 6.780043
202 5.994971
203 6.330011
204 6.276244
205 6.696466
206 5.580449
207 6.376930
208 6.641112
209 5.725019
210 5.656956
211 6.249592
212 6.642771
213 6.149364
214 6.565720
215 5.586175
216 6.165011
217 6.232338
218 5.237453
219 6.045897
220 6.013691
221 7.080831
222 5.971753
223 6.764080
224 6.038480
225 6.631137
226 5.731648
227 5.871983
228 5.468785
229 5.329374
230 6.095894
231 5.445039
232 5.991475
233 6.649949
234 5.934361
235 6.065092
236 7.461028
237 5.375226
238 6.364903
239 5.597950
240 6.075871
241 5.786958
242 5.296974
243 6.477729
244 6.172276
245 6.110781
246 6.972657
247 7.341162
248 6.586307
249 6.804849
250 7.337793
251 7.113119
252 7.278540
253 6.838721
254 7.095246
255 6.381397
256 6.511596
257 6.709183
258 6.458572
259 6.040832
260 6.623723
261 6.500456
262 6.298148
263 5.790692
264 6.097574
265 6.556166
266 6.108927
267 6.008348
268 6.666709
269 6.602123
270 7.209974
271 6.205434
272 6.865764
273 6.904163
274 6.699348
275 6.198940
276 5.790493
277 6.498729
278 6.223882
279 6.865980
280 7.037671
281 7.477606
282 7.520328
283 6.900303
284 7.283520
285 6.830930
286 7.258466
287 7.078750
288 6.463449
289 6.549170
290 6.725184
291 6.800433
292 6.917543
293 6.732641
294 7.437418
295 7.188493
296 7.395794
297 7.251894
298 7.249168
299 7.102378
300 6.502970
