0 -94.03183267361266 -116.55900085739393
1 -94.03183267361266 -113.4884546705356
2 -94.03183267361266 -114.17938328780193
3 -98.9804331683702 -115.81399089893826
4 -96.98831312170744 -114.10244983437109
5 -95.34923918368214 -112.10836391979574
6 -96.98831312170744 -114.61216675662232
7 -60.40936988910707 -112.56362332300343
8 -96.98831312170744 -113.27471028618629
9 -92.8283764976386 -111.86749038687239
10 -92.8283764976386 -111.9821065571875
11 -92.8283764976386 -111.90932544618805
12 -92.8283764976386 -109.64018192661057
13 -92.8283764976386 -109.51735327593522
14 -92.8283764976386 -111.02496384035472
15 -92.8283764976386 -107.24920133054493
16 -87.28537541887096 -104.92160501872597
17 -87.75702981799998 -103.27301590667595
18 -86.66181325323578 -102.28345924196937
19 -84.88817707684292 -100.88019090539959
20 -84.88817707684292 -100.42788343624352
21 -69.83235888585261 -98.85519473623467
22 -64.41206193824894 -97.01714470914642
23 -64.41206193824894 -96.26287756403966
24 -64.41206193824894 -96.0464100325263
25 -64.41206193824894 -95.04550815140759
26 -60.181578360331635 -95.9186025459634
27 -46.22536822335548 -93.4378616625252
28 -46.22536822335548 -94.36955907396084
29 -56.65233272497742 -92.84980372820475
30 -15.578109539395038 -91.5097435420868
31 -48.22024654357935 -90.61774432253308
32 -34.471332929244106 -84.97824905553036
33 -34.471332929244106 -85.33340958781733
34 -21.719960784272292 -83.30804814705867
35 -21.719960784272292 -82.23710799416277
36 -17.312954986625822 -82.61662075255154
37 -17.312954986625822 -82.34616552229076
38 -17.312954986625822 -85.3348771793318
39 -17.312954986625822 -85.0490326066548
40 -17.312954986625822 -82.71392709121069
41 -16.668698990120152 -78.88455936471854
42 -16.668698990120152 -77.75501764423183
43 1.3491884900364635 -77.4675340935203
44 1.3491884900364635 -81.21458105010623
45 1.3491884900364635 -75.72436659267751
46 1.3491884900364635 -73.82329353316184
47 1.3491884900364635 -71.31342966507763
48 1.3491884900364635 -68.30640874641728
49 1.3491884900364635 -68.30255471789899
50 24.777632878680958 -62.77739793212639
51 24.777632878680958 -59.46169290423158
52 24.777632878680958 -61.078244003767324
53 24.777632878680958 -54.67022508431908
54 24.777632878680958 -49.54066802408386
55 24.777632878680958 -47.19728790257002
56 24.777632878680958 -45.76334213788622
57 24.777632878680958 -47.82449276176667
58 24.777632878680958 -46.95308119512296
59 24.777632878680958 -50.27090656754154
60 24.777632878680958 -55.0930214886505
61 24.777632878680958 -56.55048258377724
62 24.777632878680958 -48.810099315804344
63 25.56211272816562 -54.37876602359838
64 25.56211272816562 -47.653829838847265
65 25.56211272816562 -48.9384183895032
66 25.56211272816562 -55.61479974024536
67 25.56211272816562 -55.83165526210474
68 25.56211272816562 -48.54922766732022
69 25.56211272816562 -56.5449464441709
70 25.56211272816562 -54.130737234516445
71 25.56211272816562 -46.167609180650224
72 25.56211272816562 -52.93094108872771
73 32.1834018237388 -52.60273535512238
74 34.44802141071975 -48.40833741162084
75 25.56211272816562 -43.54327820897903
76 28.340783920707395 -42.24211744021731
77 68.42696321230665 -44.326014493839295
78 68.42696321230665 -37.82859824935303
79 68.42696321230665 -38.57788646275108
80 68.42696321230665 -30.137690327874747
81 68.42696321230665 -26.36109112547421
82 68.42696321230665 -23.029060673467793
83 68.42696321230665 -26.607154468561752
84 68.42696321230665 -20.819479070017955
85 79.97593835408539 -33.29363362384877
86 79.97593835408539 -35.378332955519056
87 97.41774364300359 -36.56164490235269
88 79.97593835408539 -34.17660968418931
89 79.97593835408539 -25.021123177247983
90 79.97593835408539 -26.64899056313015
91 79.97593835408539 -22.633121768148694
92 92.57532252199411 -19.42748202756194
93 92.57532252199411 -19.84046759988552
94 92.57532252199411 -13.348449480998461
95 92.57532252199411 -13.444861223341054
96 92.57532252199411 -3.624140080747363
97 92.57532252199411 -16.873163222461073
98 92.57532252199411 -18.97998167940071
99 92.57532252199411 -20.328001181783886
100 92.57532252199411 -15.748895144226985
101 92.57532252199411 -21.371364499780675
102 92.57532252199411 -5.5809485905951295
103 92.57532252199411 -4.181931756286877
104 143.63305510862938 -2.1303415789367115
105 143.63305510862938 -9.987865310005793
106 143.63305510862938 -11.268104877243893
107 143.63305510862938 -7.02424276556644
108 143.63305510862938 -1.8805963777112047
109 143.63305510862938 -3.939639461253757
110 143.63305510862938 -6.2977505554943916
111 143.63305510862938 -8.848783549155742
112 143.63305510862938 -9.190730219486467
113 143.63305510862938 -20.343246439711216
114 143.63305510862938 -14.090742764280838
115 143.63305510862938 -14.367855320116027
116 143.63305510862938 -7.118758393646355
117 143.63305510862938 6.299312447195403
118 143.63305510862938 12.346724412223061
119 143.63305510862938 12.98378950155346
120 143.63305510862938 3.507594881532113
121 143.63305510862938 0.5920899221620699
122 143.63305510862938 -0.8332847730145334
123 143.63305510862938 4.051442455221689
124 143.63305510862938 5.647144978194276
125 143.63305510862938 14.56757165751663
126 143.63305510862938 10.824464634139558
127 143.63305510862938 6.778381210412023
128 143.63305510862938 10.682153005580966
129 143.63305510862938 0.9089569682207272
130 143.63305510862938 8.083375468770102
131 143.63305510862938 9.3306964548219
132 143.63305510862938 15.041644684100163
133 143.63305510862938 7.332095093156996
134 143.63305510862938 11.667748676914313
135 143.63305510862938 7.964380934141864
136 143.63305510862938 10.260734705951135
137 143.63305510862938 19.113548035682946
138 143.63305510862938 21.24902431422866
139 143.63305510862938 14.325658256383054
140 143.63305510862938 15.856542712295177
141 143.63305510862938 8.06673056461539
142 143.63305510862938 5.915716985556813
143 143.63305510862938 13.585263516432668
144 143.63305510862938 23.29514136760643
145 143.63305510862938 14.569806013429261
146 143.63305510862938 8.777984353067424
147 143.63305510862938 12.64717008548578
148 143.63305510862938 12.414384461809442
149 143.63305510862938 13.773617258069233
150 143.63305510862938 7.662995628338698
151 143.63305510862938 12.31674212478505
152 143.63305510862938 10.951159380368326
153 143.63305510862938 19.10557747283821
154 143.63305510862938 15.215877269649384
155 143.63305510862938 8.335618781691636
156 143.63305510862938 4.644898978626261
157 143.63305510862938 12.211991182330758
158 143.63305510862938 5.937396297691394
159 143.63305510862938 17.356118276795158
160 143.63305510862938 4.6389199192200055
161 143.63305510862938 2.3975394614771863
162 143.63305510862938 4.535549119285704
163 143.63305510862938 6.526598227657294
164 143.63305510862938 10.411555584695783
165 143.63305510862938 9.232206546151227
166 143.63305510862938 3.48367566605643
167 143.63305510862938 -2.28088326680087
168 143.63305510862938 -1.3318589043567874
169 143.63305510862938 5.251265401196516
170 143.63305510862938 15.917368876009322
171 143.63305510862938 13.679485944988484
172 143.63305510862938 5.446153498469391
173 143.63305510862938 8.610497317535312
174 143.63305510862938 2.0245944850919435
175 143.63305510862938 -3.5604565110955244
176 143.63305510862938 1.2946316692942388
177 143.63305510862938 16.94926572935245
178 143.63305510862938 17.19382697949881
179 143.63305510862938 16.676527817983597
180 143.63305510862938 12.82327620533009
181 143.63305510862938 8.498935713349482
182 143.63305510862938 10.885425411409702
183 143.63305510862938 27.035784326451783
184 143.63305510862938 12.706510882027287
185 143.63305510862938 0.4678128559690173
186 143.63305510862938 -0.1983778658802792
187 143.63305510862938 3.521248477217307
188 143.63305510862938 5.112828728504815
189 143.63305510862938 21.040084309980372
190 143.63305510862938 20.64652928988739
191 143.63305510862938 24.435289927477797
192 143.63305510862938 15.555150288752776
193 143.63305510862938 6.8630324468520225
194 143.63305510862938 9.922171974767497
195 143.63305510862938 9.455493213457817
196 143.63305510862938 -0.8085993434551051
197 143.63305510862938 2.6322266012268583
198 143.63305510862938 5.709871914442331
199 143.63305510862938 -3.4010305407822696
200 143.63305510862938 -9.061237215090065
201 143.63305510862938 -5.693195718501909
202 143.63305510862938 -1.4894892425577149
203 143.63305510862938 0.04402320328630751
204 143.63305510862938 2.456040206865906
205 143.63305510862938 2.1194982279449373
206 143.63305510862938 13.723954137152097
207 143.63305510862938 10.32860497208087
208 143.63305510862938 5.559888852012505
209 143.63305510862938 7.6419981038825435
210 143.63305510862938 2.447031427028232
211 143.63305510862938 -0.29670752531784805
212 143.63305510862938 9.154241003847584
213 143.63305510862938 8.291625460005235
214 143.63305510862938 14.582335089084548
215 143.63305510862938 14.805602240969463
216 143.63305510862938 31.32393025370843
217 143.63305510862938 11.835358683160797
218 143.63305510862938 16.209711859882574
219 143.63305510862938 20.05183301037834
220 143.63305510862938 -0.6148567490045302
221 143.63305510862938 -1.9647433865901902
222 143.63305510862938 4.813358605930915
223 143.63305510862938 14.301488028436081
224 143.63305510862938 9.429325651558644
225 143.63305510862938 7.191188441228934
226 143.63305510862938 1.4338185642796573
227 143.63305510862938 12.005381289444697
228 143.63305510862938 9.395350055924258
229 143.63305510862938 -5.850200929307927
230 143.63305510862938 -0.30657849627232064
231 143.63305510862938 6.654409537579797
232 143.63305510862938 -0.8802771369254123
233 143.63305510862938 3.2520574188890454
234 143.63305510862938 10.251651766036266
235 143.63305510862938 6.940254060137805
236 143.63305510862938 -1.048938696256935
237 143.63305510862938 8.43009332769351
238 143.63305510862938 2.140969479129285
239 143.63305510862938 5.007147110070861
240 143.63305510862938 1.0536017161048232
241 143.63305510862938 12.340312517073684
242 143.63305510862938 2.891745246659564
243 143.63305510862938 5.477861981584301
244 143.63305510862938 0.2619882912362482
245 143.63305510862938 4.070072785185701
246 143.63305510862938 12.97121515573242
247 143.63305510862938 21.7565808916166
248 143.63305510862938 17.88333003489828
249 143.63305510862938 16.60929240167613
250 143.63305510862938 18.377776603713507
251 143.63305510862938 18.37912599336847
252 143.63305510862938 -0.7985562535351192
253 143.63305510862938 -5.28103923844095
254 143.63305510862938 10.802046430541306
255 143.63305510862938 9.435984830222655
256 143.63305510862938 12.688343387689082
257 143.63305510862938 21.970759805376577
258 143.63305510862938 18.982125768966846
259 143.63305510862938 5.240613535471743
260 143.63305510862938 7.045982698028802
261 143.63305510862938 11.790089715593753
262 143.63305510862938 16.361659869431428
263 143.63305510862938 6.427277085710114
264 143.63305510862938 14.073023578759544
265 143.63305510862938 10.7984237232713
266 143.63305510862938 13.783245941658397
267 143.63305510862938 12.337468812159052
268 143.63305510862938 9.460009530311002
269 143.63305510862938 6.083143290770182
270 143.63305510862938 9.308944450625155
271 143.63305510862938 6.450411223274692
272 143.63305510862938 9.954558907841829
273 143.63305510862938 -0.2934127814665844
274 143.63305510862938 3.4842842583930995
275 143.63305510862938 -0.6679331749164567
276 143.63305510862938 -1.134132840050396
277 143.63305510862938 -1.2555845957779288
278 143.63305510862938 7.7872890185282895
279 143.63305510862938 4.22982601276319
280 143.63305510862938 17.764178002954395
281 143.63305510862938 2.387358932330781
282 143.63305510862938 -4.059259572931446
283 143.63305510862938 2.5219821193342113
284 143.63305510862938 12.434103013086318
285 143.63305510862938 18.230439812306546
286 143.63305510862938 11.42978858086856
287 143.63305510862938 4.967981316934398
288 143.63305510862938 2.1716238680027864
289 143.63305510862938 -9.996366380381025
290 143.63305510862938 -2.9629848346456433
291 143.63305510862938 11.894144525320602
292 143.63305510862938 17.720170825017686
293 143.63305510862938 18.52111129255476
294 143.63305510862938 19.5453284120484
295 143.63305510862938 12.306139508261786
296 143.63305510862938 6.590424426139114
297 143.63305510862938 -3.2930829966875423
298 143.63305510862938 10.226265884915339
299 143.63305510862938 8.03625778967965
300 143.63305510862938 9.200496863028297
