0 -88.5188875956 -380.503208958 
0 -83.5659425972 -384.480945758 
0 -90.114112356 -390.40433105 
0 -43.1977315743 -389.634539083 
0 -13.5243092609 -386.13471041 
0 -45.2407418287 -391.487028472 
0 -40.0344223304 -381.030793214 
0 -8.23197563987 -375.520948979 
0 -0.670572062316 -365.649878126 
0 -1.38880771985 -361.06606957 
0 0.450962773636 -345.813425426 
0 -3.26753260114 -340.569848015 
0 -0.0203379026216 -327.729249977 
0 -3.01474635369 -318.997574722 
0 1.43375269474 -306.927620616 
0 1.52032242501 -295.445812971 
0 2.764305639 -269.455315888 
0 1.8451466574 -263.101426413 
0 2.83039566416 -260.990020819 
0 7.2461418995 -250.323854565 
0 7.3205797424 -237.999454127 
0 7.16284748347 -236.385048416 
0 7.19839093484 -238.075772625 
0 7.25140156213 -220.001195079 
0 7.23749751087 -225.9788776 
0 7.24035236587 -202.934450394 
0 7.41489844233 -215.277314388 
0 7.39396753862 -225.164092561 
0 7.34012778565 -203.131844772 
0 7.39853383411 -211.960784428 
0 7.31995692979 -204.192204854 
0 7.3387045571 -205.915033054 
0 7.33739690149 -209.54317803 
0 7.32761352503 -199.850936861 
0 7.4291300483 -194.283401388 
0 7.33690844779 -200.72054887 
0 7.3086915882 -211.392945978 
0 7.49365928366 -198.736812422 
0 7.27445901927 -210.199116728 
0 7.45633373088 -197.017748663 
0 8.57974837813 -194.004362677 
0 7.79374124066 -201.891403761 
0 7.96011256425 -188.094079571 
0 7.63114790104 -179.732287613 
0 7.7525751902 -182.620011056 
0 7.47139387394 -183.757876152 
0 7.73553121884 -180.142680459 
0 8.31944992127 -194.591847062 
0 7.92876989961 -185.949472676 
0 7.51296323549 -203.806109767 
0 7.47705985172 -182.149899025 
0 7.62631681693 -193.755813453 
0 7.57613050968 -197.407999455 
0 8.28652259278 -190.370996948 
0 7.57771587505 -204.044466125 
0 8.50358408162 -196.496866331 
0 8.05368606916 -186.925103885 
0 8.29662179449 -176.646358382 
0 9.18417935576 -194.463614023 
0 8.61453066034 -205.968911241 
0 8.15943826531 -185.908747605 
0 8.14619013783 -172.697426239 
0 8.70520617664 -200.867930381 
0 7.64029307899 -189.971953636 
0 7.64481657273 -201.060046691 
0 7.67400508262 -184.784594373 
0 7.53424832596 -191.094718698 
0 7.52051909741 -188.580420144 
0 9.32286886756 -184.196257532 
0 8.63402264854 -188.096445105 
0 7.72342467226 -195.400037171 
0 7.81444109659 -190.590736745 
0 8.12125474817 -186.334587331 
0 7.96628455186 -197.133001292 
0 7.46458005825 -168.614688617 
0 7.81821951158 -182.883509531 
0 7.53889530582 -181.113896406 
0 7.48961933327 -178.916597457 
0 7.57289967141 -186.358603116 
0 7.51106064654 -174.394205845 
0 7.52432334005 -174.739689901 
0 7.50616445316 -167.917793889 
0 7.52075269381 -176.267946896 
0 7.52877761089 -165.583326707 
0 7.49287624694 -184.07209307 
0 7.48431570549 -172.549432677 
0 7.56106264079 -182.714373783 
0 7.52470644256 -167.999517487 
0 7.59752564135 -178.142683647 
0 7.57308819359 -169.958791843 
0 7.58949056848 -161.943070597 
0 7.51099216781 -181.224965952 
0 7.60857439101 -180.124967887 
0 7.57507114683 -180.002665955 
0 7.56200482339 -181.958081644 
0 7.59235163511 -176.822953031 
0 7.54784170215 -188.279996675 
0 7.57641271152 -181.405640901 
0 7.52553033821 -181.35030507 
0 7.498867311 -173.647706158 
0 7.50861568469 -159.001158862 
0 7.5501636864 -177.39400824 
0 7.52084211885 -182.300429949 
0 7.62667261659 -179.406825126 
0 7.53717840412 -174.597814564 
0 7.56431973585 -175.129500118 
0 7.54226985045 -195.028390441 
0 7.56696866545 -200.231171497 
0 7.60617317186 -178.557462033 
0 7.55546348475 -174.444667046 
0 7.55757639885 -171.316100557 
0 7.56937893056 -166.364800099 
0 7.50651198469 -181.945629408 
0 7.50244254257 -172.948646495 
0 7.59048707059 -189.526587031 
0 7.56903411889 -175.777151728 
0 7.60353322081 -170.046794315 
0 7.60246093775 -168.989516586 
0 7.53333679383 -168.784609154 
0 7.54095057139 -178.536152082 
0 7.65188487134 -174.599312398 
0 7.55654286859 -182.304844073 
0 7.57875147337 -165.00467333 
0 7.57624817567 -170.992979214 
0 7.55767041624 -168.796715138 
0 7.6249099584 -171.647112116 
0 7.61081814151 -164.43650569 
0 7.53352297186 -169.860344797 
0 7.4773958458 -180.651735012 
0 7.54587700224 -182.94667315 
0 7.52612063418 -170.326662435 
0 7.60650924228 -169.902379872 
0 7.5345404691 -161.229663952 
0 7.54721688626 -168.951725775 
0 7.5564032164 -144.113537276 
0 7.62900098928 -172.959316748 
0 7.57145158726 -158.044120561 
0 7.56492429666 -157.02869874 
0 7.57457991838 -164.683870307 
0 7.55303444517 -164.364552057 
0 7.55613903865 -155.747936597 
0 7.53207818282 -152.14564318 
0 7.52830439685 -174.188157716 
0 7.56171144604 -172.014821987 
0 7.49137106073 -174.854892449 
0 7.52887825646 -159.500870252 
0 7.56359189245 -156.18021157 
0 7.54826638694 -148.071010345 
0 7.57249387147 -146.962319279 
0 7.52820015389 -165.478664721 
0 7.54286166145 -142.982185345 
0 7.57383550619 -162.383098842 
0 7.55968119506 -163.20225006 
0 7.54825070336 -155.668819808 
0 7.55364202412 -162.462119971 
0 7.54591612546 -167.44482982 
0 7.5956008766 -164.356454095 
0 7.61486022868 -159.6657214 
0 7.56381553133 -145.622814364 
0 7.53032390168 -170.100029958 
0 7.51786414139 -148.123111627 
0 7.56449516827 -157.102581682 
0 7.60154239997 -156.335784786 
0 7.61005929963 -163.173939292 
0 7.51478782373 -165.187758027 
0 7.49682354523 -147.399038253 
0 7.50766081002 -145.380940184 
0 7.59868663852 -162.27565131 
0 7.60998063663 -154.653467765 
0 7.5612783488 -159.724560118 
0 7.55362892066 -157.087181131 
0 7.56796385357 -128.591849854 
0 7.55323099594 -142.557696826 
0 7.55461245134 -158.109538752 
0 7.54544582253 -163.408146625 
0 7.53400643665 -167.699078985 
0 7.54288809761 -166.67632597 
0 7.53399054447 -141.777249957 
0 7.56389847166 -161.174449144 
0 7.5922219336 -145.769402609 
0 7.54699196933 -143.925542746 
0 7.55593266612 -156.092470817 
0 7.56806933049 -167.419119772 
0 7.60203276902 -159.013406141 
0 7.57725009651 -156.151201081 
0 7.55937800814 -160.8734721 
0 7.55146478709 -148.376198201 
0 7.55513141883 -161.744854656 
0 7.56898558331 -161.087427497 
0 7.58357316894 -158.902804741 
0 7.55243004452 -149.613903126 
0 7.52190435603 -153.289268844 
0 7.59701501693 -161.364737353 
0 7.61746709446 -160.900194263 
0 7.54811100893 -143.429478559 
0 7.5571977939 -151.873824655 
0 7.50933788598 -159.633420685 
0 7.50315720055 -156.903996423 
0 7.51821839145 -159.297496728 
0 7.65655498508 -173.48013949 
0 7.57548975812 -147.435604641 
0 7.66452671801 -159.946296658 
0 7.53976237784 -169.710508578 
0 7.54352829759 -157.790638799 
0 7.58033119718 -157.703613666 
0 7.55717401263 -155.603906946 
0 7.57061043342 -153.339732827 
0 7.56992331703 -155.819222783 
0 7.55440892697 -157.449711161 
0 7.62072281859 -168.756158897 
0 7.49698421526 -174.905661885 
0 7.5268561203 -151.881911636 
0 7.65165943701 -145.464297402 
0 7.57272842019 -175.689376103 
0 7.5199587865 -165.63642719 
0 7.53729251633 -151.150617694 
0 7.55559854331 -163.110360719 
0 7.61459392541 -163.789259717 
0 7.54286343403 -153.617573585 
0 7.53725416422 -165.672660035 
0 7.53187657601 -161.869474332 
0 7.55869483984 -164.350858473 
0 7.52519142265 -162.544704269 
0 7.51940881246 -156.772293743 
0 7.54251978704 -157.53306743 
0 7.50859292356 -163.292003238 
0 7.54779876382 -157.380162782 
0 7.50208949655 -151.804907115 
0 7.59652115462 -172.550812642 
0 7.55661700457 -149.659132175 
0 7.63536532375 -146.41468734 
0 7.5024327569 -158.295206259 
0 7.54447267224 -150.945883849 
0 7.55928527471 -155.378640785 
0 7.54965788691 -151.67768268 
0 7.60169262575 -155.088012569 
0 7.5780603999 -160.162921795 
0 7.54941828723 -150.404101212 
0 7.5792904415 -143.404681002 
0 7.55671102298 -156.106839491 
0 7.54016445727 -155.575709668 
0 7.56889270357 -164.153905672 
0 7.5911959484 -156.883132456 
0 7.61259769512 -162.420340091 
0 7.48823238522 -149.931883249 
0 7.57566801648 -146.995547094 
0 7.51065145942 -150.590920125 
0 7.51514321693 -151.796947542 
0 7.61375183191 -144.32637558 
0 7.53001867296 -145.347751872 
0 7.56380487905 -155.34849794 
0 7.54202423854 -158.373738458 
0 7.5797786522 -153.05384398 
0 7.58193061406 -166.537943256 
0 7.54609261921 -146.774493527 
0 7.50312988697 -148.776475962 
0 7.51945334433 -157.088466038 
0 7.5427539193 -142.232303221 
0 7.58556277782 -158.531261659 
0 7.57409690721 -160.484050121 
0 7.53804407988 -163.660306505 
0 7.52941760494 -163.074306083 
0 7.51085652208 -166.150389305 
0 7.60075385872 -147.444087544 
0 7.57539600202 -157.524601794 
0 7.53896030897 -158.396019337 
0 7.61802740804 -152.296343875 
0 7.58704643613 -153.569382181 
0 7.50979373229 -152.554373452 
0 7.5511963469 -154.959820357 
0 7.5777957474 -155.579162575 
0 7.54728447624 -145.609287536 
0 7.59558337152 -148.428993386 
0 7.56212454542 -160.764114959 
0 7.51185753689 -156.536422859 
0 7.5449272308 -165.483283153 
0 7.60320701881 -163.276120894 
0 7.52729150239 -147.164773887 
0 7.51100623557 -158.276852058 
0 7.55868737939 -166.629876143 
0 7.53209358719 -153.081375882 
0 7.60145586349 -149.116965555 
0 7.54738791963 -148.582818797 
0 7.53908074723 -163.266532477 
0 7.51601010396 -167.190437961 
0 7.63432486263 -146.777191958 
0 7.5737730409 -146.818122324 
0 7.59714064869 -150.000550391 
0 7.57589811442 -157.326500676 
0 7.62036548108 -154.828026796 
0 7.55753898133 -144.235878114 
0 7.60937077738 -175.302893555 
0 7.55262430415 -162.919227478 
0 7.55494623347 -169.47182578 
0 7.55661595422 -169.247606253 
0 7.61641198989 -155.140237039 
0 7.5900663048 -154.683291498 
0 7.6212123834 -151.05513359 
0 7.5710807635 -161.84063395 
0 7.59253521916 -158.147883893 
0 7.56138264412 -150.3416332 
0 7.62894161133 -147.907513515 
0 7.57977586934 -160.155263859 
0 7.59082325184 -163.390642801 
0 7.54882594822 -147.069952326 
0 7.62829570585 -154.969700313 
0 7.55309599932 -156.26865466 
0 7.52926816684 -142.962470452 
0 7.5308012126 -165.502158823 
0 7.53499136917 -150.583099904 
0 7.50912023305 -156.750143809 
0 7.67581175096 -160.153394673 
0 7.60693800297 -166.794128589 
0 7.54225419431 -152.767596168 
0 7.50535377858 -168.300096131 
0 7.54604754319 -152.526163239 
0 7.57915878367 -151.612630526 
0 7.59947037334 -160.936891375 
0 7.59078793761 -146.743450754 
0 7.55611112698 -155.304351235 
0 7.60159743645 -171.466662191 
0 7.59246300597 -152.010333715 
0 7.56094742365 -153.797633404 
0 7.57697436125 -155.883789695 
0 7.57277535968 -159.892418586 
0 7.53254581095 -165.307202986 
0 7.57835069439 -159.386978128 
0 7.55353324971 -163.666209721 
0 7.61929105674 -152.977326845 
0 7.57426451975 -169.934567346 
0 7.55026104664 -152.542843348 
0 7.56522412398 -151.94340526 
0 7.60769879047 -144.546706876 
0 7.54882613781 -147.742379838 
0 7.57967373423 -163.933631388 
0 7.54209101188 -161.282429 
0 7.52039826365 -158.151734734 
0 7.57708818022 -158.797445046 
0 7.56281686232 -149.146461103 
0 7.5846609793 -158.231075457 
0 7.59936398671 -143.668996128 
0 7.52972230278 -163.920108736 
0 7.52875344137 -153.01931859 
0 7.54801325224 -145.934517533 
0 7.54638166299 -153.389703881 
0 7.51974064386 -151.078191445 
0 7.60332385045 -151.159321296 
0 7.50480931984 -155.300061638 
0 7.48399393063 -145.593579731 
0 7.54358203617 -174.855205032 
0 7.59389984703 -163.274860937 
0 7.55414737532 -146.793703539 
0 7.51924393168 -144.614005888 
0 7.56938045595 -158.048534725 
0 7.54053249938 -155.577144604 
0 7.58239005882 -165.93044844 
0 7.57979242714 -144.543093979 
0 7.56765306213 -141.258481567 
0 7.55607884435 -149.351730531 
0 7.56032601646 -150.747317345 
0 7.60146056844 -164.635483355 
0 7.56087545725 -146.681072683 
0 7.57520616016 -137.829835156 
0 7.54778094875 -154.952339307 
0 7.54793005487 -159.538495373 
0 7.59474487883 -139.832304177 
0 7.56178984338 -161.646611232 
0 7.54120422363 -152.969704628 
0 7.5570354368 -145.619013348 
0 7.55570100621 -146.029811894 
0 7.59423224569 -151.942628783 
0 7.52313421364 -152.444645719 
0 7.566602619 -156.62647864 
0 7.54606333898 -163.330993161 
0 7.53893712194 -151.011549795 
0 7.60437364614 -146.75329325 
0 7.59674906423 -161.102652615 
0 7.58659668323 -158.49340567 
0 7.60290497315 -146.970679149 
0 7.56382162419 -156.374933641 
0 7.59412589508 -146.456126087 
0 7.57120558823 -167.952077971 
0 7.56372033233 -159.040257777 
0 7.52645376335 -155.729721556 
0 7.50107450836 -149.123526618 
0 7.56435221893 -158.093938189 
0 7.54090567288 -145.379925115 
0 7.50838290793 -163.029274575 
0 7.55969928725 -150.068381001 
0 7.63424967933 -143.509128623 
0 7.56930654759 -158.517524649 
0 7.50498725282 -158.320389061 
0 7.57235554791 -159.781746959 
0 7.62491098427 -161.463111708 
0 7.52614330261 -152.847972865 
0 7.50563094016 -156.326784687 
0 7.61913818906 -159.90667204 
0 7.56571985058 -153.173360938 
0 7.54083091251 -168.106943008 
0 7.63835934654 -136.626117618 
0 7.53270457169 -166.264041105 
0 7.58674648506 -146.284258321 
0 7.56262460001 -152.82315097 
0 7.56883906789 -169.340830536 
0 7.51184833649 -146.135227785 
0 7.54796063858 -154.958486089 
0 7.55875548254 -161.662171765 
0 7.57588926125 -166.09559699 
0 7.56129715412 -149.671652441 
0 7.5351048299 -153.226523745 
0 7.52510413093 -174.618377931 
0 7.5794757605 -151.256145914 
0 7.5514613969 -161.357205253 
0 7.53068713365 -160.17950235 
0 7.55247187162 -155.460234546 
0 7.56526044369 -149.50234529 
0 7.56568485751 -154.705688492 
0 7.5562960236 -144.640394661 
0 7.55120610982 -137.860492583 
0 7.5665514123 -164.805877528 
0 7.58416288208 -156.399979313 
0 7.52848539989 -154.68282532 
0 7.5693755536 -156.087853719 
0 7.56457879675 -154.746393606 
0 7.64141152072 -145.017659386 
0 7.56335943235 -153.812527487 
0 7.53544707487 -149.363615211 
0 7.56467862748 -149.677946393 
0 7.53812622216 -143.113323756 
0 7.52538724493 -154.258636721 
0 7.57197424564 -159.75449299 
0 7.63027835187 -141.944796678 
0 7.5892966633 -157.014842131 
0 7.58389699046 -138.60078475 
0 7.55811845253 -152.729407258 
0 7.61122620857 -148.406704672 
0 7.5239235723 -141.651113336 
0 7.58817357527 -162.917660553 
0 7.51869978167 -147.16908658 
0 7.54431073612 -161.641066948 
0 7.59062678364 -132.251349124 
0 7.54913024781 -148.268225515 
0 7.58125609469 -152.412977585 
0 7.61035096493 -156.083584991 
0 7.58601997101 -153.427563448 
0 7.54610348299 -138.431820959 
0 7.52699114609 -159.761809196 
0 7.55119594456 -138.74883616 
0 7.603247776 -152.541551299 
0 7.54175055642 -155.55911622 
0 7.56998797576 -162.924720058 
0 7.59506752888 -142.658011197 
0 7.54530277081 -149.275952624 
0 7.55284566615 -130.850512947 
0 7.554314528 -151.848455242 
0 7.61038379224 -151.542717705 
