0 0.8765733750496044
1 0.6417151217837457
2 0.6417151217837457
3 0.6318941293097313
4 0.6318941293097313
5 0.7147811895808405
6 0.7147811895808405
7 0.2866691219863102
8 0.2866691219863102
9 0.3136114960787313
10 0.3136114960787313
11 0.3136114960787313
12 0.15098378690353498
13 0.15098378690353498
14 0.09242192193675847
15 0.09012686505359468
16 0.09012686505359468
17 0.07978364922398262
18 0.07905050218897514
19 0.07886372338113112
20 0.05532771332865283
21 0.06319413785915884
22 0.06319413785915884
23 0.06319413785915884
24 0.06268812984355077
25 0.06268812984355077
26 0.05753481458146581
27 0.05753481458146581
28 0.049540150721545384
29 0.0464959762711179
30 0.0464113531517093
31 0.04631146243398787
32 0.045244649965576755
33 0.04440337604907829
34 0.04390649958813675
35 0.043665893219554386
36 0.04367270547311586
37 0.04367270547311586
38 0.04367270547311586
39 0.04366466114711731
40 0.041041067762876304
41 0.04096663096697828
42 0.040939101297943425
43 0.04081536727180135
44 0.04080754362471084
45 0.04077832376187096
46 0.040778124080689815
47 0.04077769604975845
48 0.04077782479644898
49 0.04077784557248776
50 0.04077753932895012
51 0.04077753932895012
52 0.04077749850965662
53 0.0407775012127084
54 0.040777437871805766
55 0.04077740291955667
56 0.040777369429635724
57 0.040777369429635724
58 0.040777369429635724
59 0.04077736928168485
60 0.04077736488226291
61 0.0407773621790718
62 0.040642167182903144
63 0.04069410186289346
64 0.04069410186289346
65 0.04069410186289346
66 0.04069410186289346
67 0.04069991039702203
68 0.04069915623339093
69 0.040698098435214214
70 0.04068231900786179
71 0.040698096507719606
72 0.040698060162118965
73 0.04069807353076904
74 0.0406980666028407
75 0.0406980666028407
76 0.040698070001957354
77 0.040698070001957354
78 0.04069806876047721
79 0.040698068551925815
80 0.040698068551925815
81 0.040698068551925815
82 0.040698068538841725
83 0.040698068554258726
84 0.04069806855564995
85 0.04069806855564995
86 0.0406980685485242
87 0.040698068547802224
88 0.040698068547802224
89 0.040698068547802224
90 0.04069806854735114
91 0.04034137427193829
92 0.040067890973785825
93 0.040025912958877696
94 0.04002439622571918
95 0.04002433432408081
96 0.04002433432408081
97 0.04002433432408081
98 0.04002433428124619
99 0.040024334067972234
100 0.04002433406832673
101 0.04002433406832673
102 0.040024334067988
103 0.04002433406773154
104 0.040024334067484624
105 0.04002433406743233
106 0.04002433406746331
107 0.04002433406744166
108 0.04002433406742745
109 0.04002433406742745
110 0.04002433406741013
111 0.040024334067399914
112 0.040024334067399914
113 0.04002433406739925
114 0.04002433406739925
115 0.04001470744862634
116 0.0400157101576637
117 0.04001564583873185
118 0.04001564583873185
119 0.04001564583873185
120 0.040015899254752574
121 0.04001584117674484
122 0.04001588526104982
123 0.040015855693331215
124 0.04001584250163903
125 0.0400158453432885
126 0.0400158453432885
127 0.0400158453432885
128 0.0400158453432885
129 0.040015844645186704
130 0.040015843538456
131 0.040015843538456
132 0.040015843448054866
133 0.04001584349543552
134 0.040015843426391196
135 0.040015843400168616
136 0.04001584343503639
137 0.04001584344425546
138 0.04001584344425546
139 0.04001584344425546
140 0.04001584344425546
141 0.0400158434454555
142 0.04001584344604514
143 0.040015843445773136
144 0.040015843445773136
145 0.040015843445773136
146 0.040015843445773136
147 0.040015843445773136
148 0.040015843445773136
149 0.04001584344577247
150 0.04001584344577247
151 0.04001584344577247
152 0.04001584344577247
153 0.04001584344577247
154 0.04001584344577247
155 0.04001584344577247
156 0.04001584344577236
157 0.04001584344577236
158 0.040005400975433925
159 0.040005400975433925
160 0.04000537980935859
161 0.04000537980935859
162 0.04000537980935859
163 0.04000536267915977
164 0.04000536242431507
165 0.04000536232822527
166 0.04000536232822527
167 0.040005362326694494
168 0.039883704911458984
169 0.039839049746395405
170 0.0398390225059535
171 0.03983901714586324
172 0.03983901647809951
173 0.03983901647809951
174 0.03983901616760899
175 0.03983901613949814
176 0.03983901613949814
177 0.039839016139540995
178 0.039839016139540995
179 0.039839016139540995
180 0.039839016139540995
181 0.039839016139540995
182 0.03983901613946461
183 0.03983901613946261
184 0.03983901613946261
185 0.03983901613945118
186 0.03983901613944585
187 0.03983901613944407
188 0.03983901613944352
189 0.03983901613944352
190 0.03983901613944285
191 0.03983901613944285
192 0.03983901613944285
193 0.03983901613944263
194 0.03983901613944263
195 0.03983901613944252
196 0.03983901613944252
197 0.03983901613944241
198 0.03983901613944241
199 0.039839016139442296
200 0.039839016139442296
