0 0.6457205041093788 1.0086469106356986
1 0.6457205041093788 1.006808777323235
2 0.6457205041093788 0.9556585523628611
3 0.5777931604087072 0.9406931782811302
4 0.44878174037213525 0.9316383327350409
5 0.44878174037213525 0.9380716269292909
6 0.37486265682413744 0.8831141123488165
7 0.28523067454666473 0.8895295923341295
8 0.37486265682413744 0.8771860565070684
9 0.3818222257244186 0.8593931261179139
10 0.3818222257244186 0.7461166568267256
11 0.3810184951020228 0.6678585711620926
12 0.3810184951020228 0.5507185927761744
13 0.37440236752109446 0.44868985382681664
14 0.37440236752109446 0.39158687444656154
15 0.37440236752109446 0.38236169430238204
16 0.3727738666953795 0.3807448291260746
17 0.3709270445181122 0.38005390229773245
18 0.37048967852298165 0.3783864996783333
19 0.36919550321254513 0.3756426340159824
20 0.368674814750967 0.373226439039768
21 0.368674814750967 0.3717740500151379
22 0.3686787945229324 0.37053598953237304
23 0.3686787945229324 0.369723978465456
24 0.3686259183250815 0.36933941341641163
25 0.3686259183250815 0.3691835486505677
26 0.36862019548053293 0.3687698449772715
27 0.3686185105743024 0.3686684323376857
28 0.3686185105743024 0.36864322418906875
29 0.3569877710608028 0.36855179346920297
30 0.35512539619977046 0.3681668468643984
31 0.35504750497496473 0.36703050118761193
32 0.35504750497496473 0.3645337813686887
33 0.3550101949608989 0.3605601462197985
34 0.35486728171572735 0.3575841016343818
35 0.3548590139200819 0.356252663738413
36 0.35485378734372264 0.35539702337869045
37 0.35485378734372264 0.35500116009554183
38 0.3398061218964121 0.35480616254166586
39 0.3343481458172529 0.35470345529576836
40 0.33109756345753383 0.3540939937267135
41 0.32454271741222773 0.3518844121865596
42 0.3227165746629911 0.34610668593285343
43 0.3214482169315809 0.3387456024371814
44 0.32054738522488146 0.33246242180599506
45 0.320585314922607 0.32645439756105793
46 0.3204545141678119 0.3233780307932171
47 0.3204249084327565 0.32188168636738346
48 0.3204174589407518 0.3209698450891208
49 0.3204174589407518 0.32058686481765664
50 0.3204174589407518 0.32046658342107964
51 0.3204174589407518 0.32043516333987526
52 0.3204171481352449 0.3204238049805157
53 0.32041687934363994 0.3204198973720499
54 0.3204167115198955 0.3204183063948402
55 0.3204165185332092 0.3204175345158935
56 0.3204164489278457 0.32041713740179995
57 0.32041636279018104 0.3204168356401713
58 0.3204163477085241 0.32041668041401844
59 0.3204163477085241 0.32041653075507787
60 0.32041631893064004 0.32056001506285237
61 0.32041631494500444 0.3204163904052332
62 0.32041631494500444 0.32041636184458855
63 0.3204163110659489 0.3208593636315419
64 0.3204163050688391 0.3207112753665769
65 0.17345930635879403 0.3200646946675257
66 0.17345930635879403 0.3194366002719094
67 0.17345930635879403 0.3194365960135903
68 0.16461726133317245 0.3186740694998031
69 0.16461726133317245 0.3125258936833841
70 0.16461726133317245 0.289433128699477
71 0.1645824626041602 0.24594179583657413
72 0.16458084498724512 0.18627350347825228
73 0.16458084416807817 0.16721591127677693
74 0.16458074636903453 0.1648639768287259
75 0.16458067231289364 0.16461227894454974
76 0.16458049337986858 0.16458797759638547
77 0.16458046838778562 0.1645819554647042
78 0.16458046838778562 0.16458081082443388
79 0.16458038370426542 0.16458056967339002
80 0.16458038370426542 0.16458050989140666
81 0.16458037501555733 0.16481828774237411
82 0.16458030654797007 0.1645804375629892
83 0.16458027786913665 0.1645804086605947
84 0.16458025600165183 0.16458037642968518
85 0.16458021920650212 0.16458034146236727
86 0.16458021125611433 0.1645901359385161
87 0.16458002749692946 0.16458027993446692
88 0.16458002506691027 0.16474858100889192
89 0.16458002506691027 0.16458021059208017
90 0.16457998477179647 0.16554129274205853
91 0.16457991583030607 0.16492301495458647
92 0.1645798469704377 0.1647194083452923
93 0.1645798442907166 0.16457999683755364
94 0.1645798250937126 0.16457995139622006
95 0.164579813998027 0.16548886072031202
96 0.16457978311119859 0.16457987524583367
97 0.1645797247500178 0.1645798449403341
98 0.1645797247500178 0.16457982106701644
99 0.1645796750404962 0.16457979531784273
100 0.15068998855857363 0.16452365271902994
101 0.14920691809521247 0.16424448636111452
102 0.14090428879705175 0.16325281705087855
103 0.13104817476555064 0.16088362339914516
104 0.13104817476555064 0.15363116937695806
105 0.13104817476555064 0.1459463832626526
106 0.12401608897105287 0.14042939757125159
107 0.11997635660970551 0.13650025030053287
108 0.11761505864638355 0.13319097567102836
109 0.11679267976696461 0.12908399451489533
110 0.11595173178265517 0.1253143582161849
111 0.11596489395299592 0.12193371808218953
112 0.11615423120014134 0.12013267316063259
113 0.11603548840105582 0.11846304702147482
114 0.11590696955708357 0.11724830675683155
115 0.11584824548558792 0.11671949109084875
116 0.11585048559000788 0.11634122072753518
117 0.11583918815022631 0.11609737027359808
118 0.11583740852432056 0.11597319921093759
119 0.11583624623170508 0.11590316880509079
120 0.11583624623170508 0.11586910253882467
121 0.11583510687058596 0.11584936175200172
122 0.11583420672531908 0.11584050414561323
123 0.11583392585412178 0.11583774762602413
124 0.11583381952801908 0.11583558687714647
125 0.11583385140023728 0.11583463645671778
126 0.11583379866585541 0.11584095679267459
127 0.11583374551910575 0.11583401617730492
128 0.11583373062561331 0.11597324882978625
129 0.11583372028038452 0.11583383046141214
130 0.11583369669455867 0.11583379607400966
131 0.11583364524916617 0.1159551171887121
132 0.11583364524916617 0.11583373092378717
133 0.1158336022582035 0.11583370880798945
134 0.11583358789571052 0.11583368848053527
135 0.11583358789571052 0.11616543983203428
136 0.1158335141111776 0.11613862973182694
137 0.11583352922562684 0.11812675746602506
138 0.11583352922562684 0.11583358954644375
139 0.11583351029490396 0.11614429305742403
140 0.11583350068133669 0.11583354961847689
141 0.11583348662681381 0.11583352859144402
142 0.11583348503060165 0.1161137499008372
143 0.11583346979389919 0.11603888407930588
144 0.11583346979389919 0.11583349857191173
145 0.11583346714868914 0.11583348945600726
146 0.11583345403834322 0.11596368907489844
147 0.11583345403834322 0.11583347449066773
148 0.11583345403834322 0.11583346986206733
149 0.11583344636762571 0.11583346567227658
150 0.11583343497713794 0.11583346176543091
151 0.11583342528962737 0.11583345642109537
152 0.1158334174140595 0.11583345019193093
153 0.11583342415332365 0.11583344398081619
154 0.11583340994132063 0.11583343783828862
155 0.11583340792015973 0.11583343261453687
156 0.11583340365889983 0.11583342712530974
157 0.11583339512420288 0.11585100232825278
158 0.11583338089086803 0.11583341453532608
159 0.11583337055638876 0.11583340847316322
160 0.11583337055638876 0.11596913859290996
161 0.11583335377920312 0.11583339467285057
162 0.11583335377920312 0.11583338770580104
163 0.11583335377920312 0.11583338158283787
164 0.11583334529143297 0.11583337343698638
165 0.11583334012889335 0.11583336431010319
166 0.11583334197354311 0.11583335702319973
167 0.11583333097383142 0.11583335056672346
168 0.11583332281836034 0.11600018131589908
169 0.11583332281836034 0.11646182768914999
170 0.11583332081517139 0.11590538116949892
171 0.11583331488589177 0.11599247411896717
172 0.11583330868374064 0.11583332700368772
173 0.11583329413727117 0.11589208313555907
174 0.11583329104120188 0.11583331636146828
175 0.11583328276383376 0.11657712550732309
176 0.11583328230379841 0.11583330271080837
177 0.11583326792235249 0.11583329655532684
178 0.11583326477264289 0.11584555985643796
179 0.11583326185109077 0.11629830608375603
180 0.115833257413399 0.11583328046682721
181 0.11583324446947918 0.11583327383952773
182 0.115833244363721 0.11583396250143352
183 0.11583323543573654 0.11583325720005817
184 0.11583323171342041 0.1158332500119949
185 0.11583322591265455 0.1158523228307279
186 0.11583322335343682 0.11860337529381577
187 0.1158332167358831 0.11585306157166206
188 0.11583320533164909 0.11583323075341342
189 0.11583320533164909 0.11583322494179966
190 0.11583319805823444 0.1158332191711942
191 0.1158331977685031 0.11776166678752872
192 0.11583317594645737 0.11583320716702299
193 0.11583316836586122 0.11583320006772176
194 0.11583316836586122 0.11638861582127862
195 0.11583316836586122 0.11583318482485723
196 0.11583316445808811 0.11583317827575504
197 0.11583315450322251 0.1158331727258657
198 0.11583315450322251 0.11583316875374033
199 0.11583315192236976 0.11600699372882062
