0 0.484052462455122 1.056745370074484
1 0.7277722441838013 1.0350697737840102
2 0.47901227639163735 1.042048828810291
3 0.49914830020899403 1.0385386376537138
4 0.426957012157302 1.0242237514084334
5 0.4581101775453612 1.0369644021398088
6 0.6429033504386398 1.0332474687509428
7 0.5504774560190333 1.0508382285496982
8 0.2498336958458851 1.0171861099589372
9 0.4819604570136472 1.0442012561425134
10 0.40277256963449637 1.0657045161439218
11 0.38368976106828856 1.036773999173377
12 0.3745309599873987 1.0314727307318385
13 0.5035479549658605 1.0288214292128075
14 0.32428785551367545 1.035163206305198
15 0.18317910113059144 1.0324849639335574
16 0.2945409859361835 1.0199954170893577
17 0.5245266433731679 1.0304510702368121
18 0.5276113725064291 1.0377039628246685
19 0.25589910761904655 1.0342272744833199
20 0.370247071762971 1.040896958546663
21 0.17547419580184065 1.0228248111957405
22 0.41274338741675753 1.035211861977342
23 0.4618741279293175 1.0197715465590647
24 0.3942507494078401 1.0120096739657012
25 0.3236712844914843 1.0270803299874958
26 0.4677956628022337 1.043410083327087
27 0.21867177378666958 1.0335688602691322
28 0.42021159972214905 1.0226889731060107
29 0.2391939743356577 1.0242682953266204
30 0.3922015442756619 1.0357566301416814
31 0.5116996660176034 1.031122657763265
32 0.427624589984107 1.039565764042896
33 0.7174238468191647 1.038701081630846
34 0.44114221359896955 1.0315839701709302
35 0.44486769492668576 1.0425101816180415
36 0.2223358503633216 1.003727587925207
37 0.16691078141826754 1.0350759008282757
38 0.13610933876271503 1.0326944938733305
39 0.31384661242976675 1.0327760380561928
40 0.2416857870268717 1.0292495209493024
41 0.43680616291867835 1.0261333042976026
42 0.19792393307508638 1.052131340495378
43 0.44020408190465676 1.0314544635677545
44 0.2557556378070194 1.0315978075247811
45 0.27361972611071006 1.0104332317568037
46 0.32296599578778196 1.043526543972637
47 0.551456858827451 1.017771191989963
48 0.28022435113246835 1.042428904513366
49 0.39707559925088765 1.0522552281337514
50 0.3590898991908912 1.042690217983006
51 0.5223786459234221 1.0413975858168785
52 0.5045821744491148 1.0443917618496918
53 0.3389191324217914 1.0263190943313385
54 0.42982741904371113 1.0269041759646578
55 0.3021808745825214 1.0281686592449613
56 0.4077789513062693 1.0627027709778114
57 0.48889136098423003 1.0428711018367862
58 0.13587145587126714 1.0158112257550436
59 0.4049409888858264 1.0405103520675651
60 0.46214302820386455 1.0178771057864322
61 0.3999319615693743 1.0420763003938864
62 0.5545035366448184 1.0519577517457137
63 0.5289108736286218 1.067999407021817
64 0.5122201506209156 1.025249348995492
65 0.6433612835412583 1.0435957343861595
66 0.5222174168586171 1.0389618942156809
67 0.6984669395137653 1.0432201805609504
68 0.40990112261551137 1.0280253528069179
69 0.6745690175353225 1.0217634834560203
70 0.2933132966522859 1.051428233780175
71 0.4220681643114784 1.0293966729270718
72 0.5581307370935865 1.0493371589401292
73 0.29825907106810123 1.0473951564090733
74 0.5402542986706287 1.0545535735796379
75 0.30152136168522936 1.0473807824780428
76 0.5246346104572176 1.052611277123339
77 0.38113488223724334 1.0363644426771161
78 0.49236970362726296 1.036125426502319
79 0.4146698753313611 1.0117431941647634
80 0.23003529913529008 1.0534032993881013
81 0.4097475313335218 1.0555130613391073
82 0.38560180678182165 1.0302337524990948
83 0.5343754132955197 1.02829837670336
84 0.30936727529515096 1.0291630969272882
85 0.4287048170436034 1.051214792525069
86 0.46143579079304264 1.045049780790103
87 0.44072049244276823 1.0423093519620423
88 0.4560477696208133 1.0416026662030005
89 0.5661479987540483 1.044857180299387
90 0.4967748897415597 1.06460741300966
91 0.23812862600807028 1.0532882058521047
92 0.596390049696162 1.0460175838967714
93 0.5834123593289506 1.039591673440142
94 0.4335046345893462 1.0580480453570857
95 0.5998006788370571 1.0406279740696132
96 0.3541043003697152 1.0383122125008257
97 0.2992589077646852 1.0366249536239103
98 0.21702083936509053 1.0400988156754616
99 0.5457887985004768 1.0440499488439365
100 0.4553941551905698 1.0485538219192274
101 0.33977341127694105 1.04305454234616
102 0.5916190809608272 1.05866420827041
103 0.5577259387492381 1.0478956268815558
104 0.614424847929897 1.0707523128303822
105 0.46681090015052484 1.0614089845870949
106 0.5886347455254559 1.0596108909465618
107 0.3110652095615053 1.0171649098990647
108 0.6564291027469693 1.0544557110996837
109 0.4701907275341153 1.0415480488266238
110 0.5091727120953173 1.0336806445189257
111 0.5277906547118596 1.0501430040659974
112 0.5736353611836993 1.0434623827297884
113 0.12175134110688313 1.0334158515229135
114 0.45761374404695243 1.0304595398836596
115 0.2581121191807956 1.0319825576526067
116 0.24945159225362512 1.028066638967227
117 0.35996850681573767 1.0491632932307202
118 0.44411513240291967 1.0569914277470898
119 0.5896451603745306 1.0633457692251072
120 0.5002565254635214 1.038047698192495
121 0.4488005885756491 1.0427299818194968
122 0.4996127519127056 1.0509126017110049
123 0.32925965984296013 1.0287593107332205
124 0.5260158420727236 1.0513069473677314
125 0.44256645430882346 1.032805607707094
126 0.42175192196501976 1.0388934315552016
127 0.28059988119267654 1.028077441678414
128 0.5448816640010135 1.038145089712191
129 0.5382848397534459 1.0529495158176074
130 0.4207153125256238 1.0573707811274717
131 0.6335941635750164 1.0383221850448272
132 0.44553222994596964 1.0537075725431362
133 0.44480240260111714 1.044879775963058
134 0.32558583994653756 1.041745885079696
135 0.5125139182274142 1.0219874348010713
136 0.34622134932220705 1.0298394368569854
137 0.4126287211062246 1.038943397554694
138 0.45396165007533695 1.0262455509849253
139 0.4693299496827288 1.0433179422069403
140 0.2582879647608498 1.0294286946486357
141 0.47113367189278044 1.0448765227835142
142 0.31815784685672255 1.0385104377802803
143 0.31373196913929213 1.0388715165271436
144 0.47407857998172775 1.054401387642971
145 0.33649744474761 1.0624930079631585
146 0.4208868783147919 1.0434621478481374
147 0.3794248657981344 1.039613373241106
148 0.39576111655433377 1.0478690424397548
149 0.5452988695624841 1.0297243684204116
150 0.44470201473142323 1.0403562276880274
151 0.43796825255129024 1.0155168024791101
152 0.2250599965470037 1.0613581433996186
153 0.4212517565160452 1.0369887027206468
154 0.3991565615165773 1.0572550611296556
155 0.5173912157311712 1.059386701400916
156 0.46851789849575054 1.0360743709517153
157 0.4947454844382674 1.0485015333240928
158 0.34577630297075823 1.0456969068354944
159 0.5655078887035001 1.0486320517698824
160 0.5233252982141111 1.0492735547306318
161 0.4271215647223163 1.0525616930601023
162 0.3226604089860149 1.0516334757799377
163 0.42522170438924267 1.0295573619639347
164 0.3029091155681751 1.0524474169981062
165 0.3463579393903604 1.0462845831491197
166 0.5818198147155986 1.0617948170376563
167 0.3806205326666914 1.0136653813595082
168 0.29158881620965704 1.049522711580276
169 0.3885754549664566 1.0365547957953587
170 0.4729059477577391 1.0331304309977563
171 0.46419902714240147 1.0309075249067836
172 0.4185963040076468 1.0483758665710736
173 0.49649578572610986 1.0419717932268375
174 0.5539136549295998 1.0412116342303173
175 0.5939385711915547 1.043115840691172
176 0.5042733003096429 1.0686535037799385
177 0.4551322370013391 1.0359232074587656
178 0.29292083905688837 1.0360292061112006
179 0.2566018934133937 1.041255638763977
180 0.39203475140988264 1.031701512255219
181 0.30628036179127016 1.0319119642186858
182 0.47354211562112014 1.0202742800360602
183 0.4565413874138501 1.0306352148800455
184 0.40687316859793055 1.0315120871886598
185 0.5410739013975487 1.0465932128224003
186 0.47552111696480837 1.034975532327742
187 0.12893058932405177 1.0289190226118545
188 0.21025217995297585 1.031347587117323
189 0.5545896439079976 1.047884659388145
190 0.4378501102425242 1.0574492038067833
191 0.32037285090558376 1.045539200654184
192 0.36173432801108296 1.0338867661556796
193 0.5036879334187869 1.0488615526858664
194 0.5496443481798527 1.0466888826752019
195 0.4494642108688267 1.0296467433032417
196 0.28978455153881755 1.0248573959716412
197 0.3954403030167647 1.0421634610114
198 0.21310997198033022 1.0517889209716758
199 0.4412686995210222 1.0322306010768982
