0 -98.21610550952607 -119.12539823634671
1 -97.81337390656707 -113.82578759578043
2 -72.94170213757742 -114.27073469262797
3 -72.94170213757742 -114.31560803356373
4 -72.94170213757742 -114.42507105889729
5 -72.94170213757742 -111.68017563423227
6 -72.94170213757742 -109.89376587803032
7 -66.82383785961925 -107.98948684008131
8 16.784405913713353 -107.73071865439844
9 16.784405913713353 -104.31056798467688
10 16.784405913713353 -103.05185908585267
11 16.784405913713353 -101.43652321259539
12 16.784405913713353 -98.88844358773018
13 16.784405913713353 -96.76387206632428
14 28.969417019377744 -95.87550735844171
15 28.969417019377744 -86.84872351914612
16 33.92954368599498 -80.52487812632674
17 49.17076536514954 -71.14409505874504
18 53.4647997650733 -53.097128887396764
19 53.4647997650733 -33.8230851077925
20 70.59508607902573 -23.6362648819988
21 70.59508607902573 -22.87077535013992
22 70.59508607902573 -13.416292273818177
23 70.59508607902573 -13.521208753445759
24 70.59508607902573 -8.477884038932856
25 106.73733963781781 -9.281417006760426
26 106.73733963781781 -18.336694091131246
27 86.70404492490432 -11.40363800470718
28 92.30149497710602 -13.389073616168641
29 109.79806262153299 2.312971251849882
30 117.94816590183689 13.102362017009101
31 117.94816590183689 20.74774833632301
32 109.19441808964376 29.943299509814832
33 109.19441808964376 39.583985590782596
34 109.19441808964376 43.53067102438567
35 119.12756292729254 47.61938123892377
36 119.12756292729254 40.52098941301926
37 122.06080956326359 34.499516206971364
38 122.06080956326359 25.305744141609107
39 119.12756292729254 24.876474449018154
40 127.66660719987954 26.440540052122234
41 127.66660719987954 29.636641471136716
42 127.66660719987954 21.90321171329986
43 127.66660719987954 27.554792150236636
44 127.66660719987954 18.25494101804021
45 127.66660719987954 23.218611027657676
46 127.66660719987954 22.799952592039997
47 127.66660719987954 27.21902309101705
48 127.66660719987954 25.407187406997746
49 127.66660719987954 20.082760358968294
50 127.66660719987954 23.864553341428607
51 127.66660719987954 23.102066497204195
52 127.66660719987954 24.997459268226088
53 127.66660719987954 30.177642083402755
54 127.66660719987954 40.85428541049706
55 127.66660719987954 35.72459645268828
56 127.66660719987954 43.186120503316154
57 127.66660719987954 33.82075092676675
58 127.66660719987954 42.29121492562304
59 127.66660719987954 38.659293686767064
60 127.66660719987954 32.72133342861212
61 127.66660719987954 33.135335986205234
62 129.38175349254507 47.09197948498211
63 131.21309815658526 40.48803797054792
64 132.40931811916707 50.501967961765025
65 132.40931811916707 52.64176146117968
66 129.38175349254507 41.91115345897407
67 129.38175349254507 45.86739827637875
68 129.38175349254507 51.1560941203375
69 129.61254333062865 41.212897914777855
70 129.61254333062865 44.795817223213014
71 129.61254333062865 53.86046931708945
72 129.61254333062865 40.24299766049216
73 129.61254333062865 47.377612882956036
74 129.61254333062865 51.59613271632866
75 129.61254333062865 52.216921305530086
76 129.61254333062865 56.05682428155036
77 129.61254333062865 53.247964452868864
78 129.61254333062865 61.46435905716507
79 129.61254333062865 52.7240685304606
80 129.61254333062865 63.37741206501993
81 129.61254333062865 60.64628456759692
82 129.61254333062865 65.75221541442232
83 130.29560116731957 72.78367084716757
84 130.29560116731957 66.1342045101387
85 130.29560116731957 52.49577909883803
86 130.29560116731957 56.99741968817187
87 131.50372050150347 61.339293752023295
88 131.50372050150347 51.14024989997883
89 135.08361897145798 54.76389783792201
90 135.08361897145798 62.993675563360455
91 135.08361897145798 65.58698858092994
92 135.08361897145798 54.7218440756134
93 138.34456029606955 60.01730247609825
94 135.08361897145798 62.16227634938903
95 135.32801809822476 63.1273786529176
96 135.08361897145798 70.18074465374882
97 135.08361897145798 63.38166410511813
98 135.08361897145798 66.21190179462269
99 135.08361897145798 63.35527505758292
100 135.08361897145798 65.77082521356839
101 138.19985452299704 61.94398223491985
102 138.19985452299704 73.27257692633324
103 138.19985452299704 65.21969514814268
104 138.19985452299704 74.74485169746217
105 138.19985452299704 65.47170947393975
106 138.19985452299704 62.80932799961535
107 138.19985452299704 66.18352231411133
108 138.19985452299704 74.7027015328235
109 135.08361897145798 63.23550948653829
110 136.75399748912756 69.84134767716832
111 135.08361897145798 67.37712169110712
112 135.08361897145798 67.2212772208492
113 135.08361897145798 58.671671145155194
114 135.08361897145798 70.1143412236536
115 135.08361897145798 59.986305552566314
116 135.08361897145798 67.86878077031822
117 135.08361897145798 75.38661430560622
118 138.7622467480406 76.4683989736545
119 138.7622467480406 80.58750362478025
120 138.7622467480406 71.86395214847546
121 145.87889852851492 70.21677177603587
122 138.7622467480406 72.46467657949594
123 138.7622467480406 70.18562934911719
124 138.7622467480406 66.61448273631652
125 138.7622467480406 73.57862996143804
126 138.7622467480406 83.31538737456732
127 138.7622467480406 77.75997077599864
128 138.7622467480406 69.39113958813302
129 138.7622467480406 70.27017112712984
130 138.7622467480406 70.8793133515624
131 138.7622467480406 70.21317503954481
132 138.7622467480406 70.63072566704557
133 138.7622467480406 66.47648667829745
134 138.7622467480406 69.06121387596617
135 138.7622467480406 76.33311639994878
136 138.7622467480406 69.11939428920635
137 138.7622467480406 75.3152145252311
138 139.9003800702459 79.55609276328664
139 139.9003800702459 76.14734708811146
140 139.9003800702459 76.03330457867236
141 139.9003800702459 66.17275266644727
142 139.9003800702459 65.45144253055574
143 139.9003800702459 75.00866424069372
144 139.9003800702459 80.4883892817456
145 139.9003800702459 73.69590324448203
146 139.9003800702459 66.93384783079024
147 139.9003800702459 68.65291045141
148 139.9003800702459 68.40014818402967
149 139.9003800702459 70.08018864509779
150 139.9003800702459 67.70057153173505
151 139.9003800702459 73.52002548415737
152 139.9003800702459 66.7975244783812
153 139.9003800702459 80.4523440198439
154 139.9003800702459 72.45338699362222
155 139.9003800702459 70.64155377486487
156 139.9003800702459 69.37823504190051
157 139.9003800702459 71.64120933027829
158 139.9003800702459 66.2346791219437
159 139.9003800702459 80.64678032249567
160 139.9003800702459 68.85007619601679
161 139.9003800702459 69.06815406413725
162 139.9003800702459 69.71469694967773
163 139.9003800702459 66.09544262662124
164 139.9003800702459 64.45280492156188
165 139.9003800702459 66.96429341433152
166 139.9003800702459 61.18998231462008
167 139.9003800702459 63.43266785607308
168 139.9003800702459 65.77411259821923
169 139.9003800702459 69.75326761197985
170 139.9003800702459 74.94891464780845
171 139.9003800702459 74.58441601128422
172 139.9003800702459 66.9745927042295
173 139.9003800702459 68.88127487804644
174 139.9003800702459 68.45187518463396
175 139.9003800702459 64.73784533163126
176 139.9003800702459 68.77495959971213
177 139.9003800702459 80.96618247434607
178 139.9003800702459 76.05917203863939
179 139.9003800702459 70.1936237995725
180 139.9003800702459 65.24578728530918
181 139.9003800702459 70.5422930497738
182 139.9003800702459 73.22871588039277
183 139.9003800702459 77.38406498656185
184 139.9003800702459 70.68820444032214
185 139.9003800702459 61.60711163793137
186 139.9003800702459 64.70178611153557
187 139.9003800702459 65.77796990014632
188 139.9003800702459 67.49074279992178
189 139.9003800702459 73.76917295035214
190 142.57695117986296 77.19665886125735
191 139.9003800702459 74.09733210893621
192 139.9003800702459 71.088090901526
193 140.2230379356802 70.95145138651783
194 143.20775971193112 71.7636497696594
195 143.20775971193112 70.4486139495206
196 140.2230379356802 68.59243331170366
197 140.2230379356802 66.09464133081583
198 140.2230379356802 71.80125634453549
199 140.2230379356802 66.57478023623987
200 140.2230379356802 64.79573219714457
201 140.2230379356802 64.12274457842932
202 140.2230379356802 72.23822432307257
203 140.2230379356802 69.86684416430167
204 139.9003800702459 65.08807170296872
205 139.9003800702459 65.53776323539732
206 139.9003800702459 74.71614592448402
207 139.9003800702459 68.61512925464865
208 139.9003800702459 70.37464519571567
209 139.9003800702459 71.33274727724435
210 139.9003800702459 63.14135661004028
211 139.9003800702459 64.8355344582746
212 140.23235381195389 68.54458918796176
213 140.23235381195389 74.62629002339276
214 140.23235381195389 74.71517283850902
215 140.23235381195389 68.63584547189276
216 140.23235381195389 85.60275430502915
217 140.23235381195389 68.59512405318983
218 140.23235381195389 69.51615725005946
219 140.23235381195389 76.82184826524649
220 140.23235381195389 66.46664868446621
221 140.23235381195389 68.26984952802015
222 140.23235381195389 65.90043940091957
223 140.23235381195389 78.9660051961506
224 140.23235381195389 68.66854708463698
225 140.23235381195389 71.56240591313988
226 140.23235381195389 67.66860171828804
227 140.23235381195389 75.17850673224396
228 140.23235381195389 72.8895009706673
229 140.23235381195389 67.95033680360386
230 140.23235381195389 66.55892327007238
231 140.23235381195389 73.82969078270158
232 142.13697912876975 70.95406208985628
233 142.13697912876975 69.01740482514727
234 142.13697912876975 72.00447799058085
235 142.13697912876975 69.94517498327625
236 142.13697912876975 68.15015856309164
237 142.13697912876975 72.00797495542946
238 142.13697912876975 61.08421839039583
239 142.13697912876975 57.81282120816797
240 142.13697912876975 56.45836056718603
241 142.13697912876975 66.73218434689593
242 142.13697912876975 58.38393704640777
243 142.13697912876975 60.11657494762397
244 142.13697912876975 57.826378270416704
245 142.13697912876975 63.917248258136745
246 142.13697912876975 72.9484631343363
247 142.13697912876975 79.45174042433985
248 142.13697912876975 68.47162516812638
249 142.13697912876975 68.66327200037263
250 142.13697912876975 79.03520438490668
251 142.13697912876975 74.21732764726683
252 142.13697912876975 66.46397360970214
253 142.13697912876975 63.493957390394826
254 142.13697912876975 79.84458309928587
255 142.13697912876975 72.50130491295403
256 142.13697912876975 72.48490065764199
257 142.18625596597352 77.21766271122095
258 142.18625596597352 74.80746242249562
259 142.18625596597352 61.3543307699856
260 142.18625596597352 71.46953819396826
261 142.18625596597352 68.38378258421508
262 142.18625596597352 76.01576847328697
263 142.18625596597352 70.39405452447899
264 142.18625596597352 72.6274236993641
265 150.4388491852221 71.86952928583489
266 142.18625596597352 71.05434118759742
267 142.18625596597352 76.27141497105134
268 142.18625596597352 71.13112333626957
269 142.18625596597352 69.9194228529089
270 142.18625596597352 73.52627954285026
271 142.18625596597352 64.32278737118388
272 142.18625596597352 69.32899004591773
273 142.18625596597352 64.24967145315706
274 142.18625596597352 76.50114673508855
275 142.18625596597352 65.09687578389499
276 142.18625596597352 64.36480977850465
277 142.18625596597352 66.38741119921967
278 142.18625596597352 80.89148131523454
279 142.18625596597352 70.71302597346637
280 142.18625596597352 72.54278214585499
281 142.18625596597352 63.670082761377635
282 142.18625596597352 60.542940284580894
283 142.18625596597352 66.02185221684282
284 142.18625596597352 72.08447151452766
285 142.18625596597352 77.01120485627142
286 142.18625596597352 71.88624002721288
287 142.18625596597352 70.56640587093399
288 142.18625596597352 67.60743777028259
289 142.18625596597352 65.01412281889094
290 142.18625596597352 72.3439497584724
291 142.18625596597352 76.22702421589432
292 142.18625596597352 67.97291919860255
293 142.18625596597352 76.14208648637515
294 142.18625596597352 75.10269767250705
295 142.18625596597352 72.26954105557614
296 142.18625596597352 66.24627189808119
297 142.18625596597352 65.71123521598436
298 142.18625596597352 70.16842413962593
299 142.18625596597352 75.15549544047315
300 142.18625596597352 79.39514801362543
0 -94.03183267361266 -116.55900085739393
1 -94.03183267361266 -113.4884546705356
2 -94.03183267361266 -114.17938328780193
3 -98.9804331683702 -115.81399089893826
4 -96.98831312170744 -114.10244983437109
5 -95.34923918368214 -112.10836391979574
6 -96.98831312170744 -114.61216675662232
7 -60.40936988910707 -112.56362332300343
8 -96.98831312170744 -113.27471028618629
9 -92.8283764976386 -111.86749038687239
10 -92.8283764976386 -111.9821065571875
11 -92.8283764976386 -111.90932544618805
12 -92.8283764976386 -109.64018192661057
13 -92.8283764976386 -109.51735327593522
14 -92.8283764976386 -111.02496384035472
15 -92.8283764976386 -107.24920133054493
16 -87.28537541887096 -104.92160501872597
17 -87.75702981799998 -103.27301590667595
18 -86.66181325323578 -102.28345924196937
19 -84.88817707684292 -100.88019090539959
20 -84.88817707684292 -100.42788343624352
21 -69.83235888585261 -98.85519473623467
22 -64.41206193824894 -97.01714470914642
23 -64.41206193824894 -96.26287756403966
24 -64.41206193824894 -96.0464100325263
25 -64.41206193824894 -95.04550815140759
26 -60.181578360331635 -95.9186025459634
27 -46.22536822335548 -93.4378616625252
28 -46.22536822335548 -94.36955907396084
29 -56.65233272497742 -92.84980372820475
30 -15.578109539395038 -91.5097435420868
31 -48.22024654357935 -90.61774432253308
32 -34.471332929244106 -84.97824905553036
33 -34.471332929244106 -85.33340958781733
34 -21.719960784272292 -83.30804814705867
35 -21.719960784272292 -82.23710799416277
36 -17.312954986625822 -82.61662075255154
37 -17.312954986625822 -82.34616552229076
38 -17.312954986625822 -85.3348771793318
39 -17.312954986625822 -85.0490326066548
40 -17.312954986625822 -82.71392709121069
41 -16.668698990120152 -78.88455936471854
42 -16.668698990120152 -77.75501764423183
43 1.3491884900364635 -77.4675340935203
44 1.3491884900364635 -81.21458105010623
45 1.3491884900364635 -75.72436659267751
46 1.3491884900364635 -73.82329353316184
47 1.3491884900364635 -71.31342966507763
48 1.3491884900364635 -68.30640874641728
49 1.3491884900364635 -68.30255471789899
50 24.777632878680958 -62.77739793212639
51 24.777632878680958 -59.46169290423158
52 24.777632878680958 -61.078244003767324
53 24.777632878680958 -54.67022508431908
54 24.777632878680958 -49.54066802408386
55 24.777632878680958 -47.19728790257002
56 24.777632878680958 -45.76334213788622
57 24.777632878680958 -47.82449276176667
58 24.777632878680958 -46.95308119512296
59 24.777632878680958 -50.27090656754154
60 24.777632878680958 -55.0930214886505
61 24.777632878680958 -56.55048258377724
62 24.777632878680958 -48.810099315804344
63 25.56211272816562 -54.37876602359838
64 25.56211272816562 -47.653829838847265
65 25.56211272816562 -48.9384183895032
66 25.56211272816562 -55.61479974024536
67 25.56211272816562 -55.83165526210474
68 25.56211272816562 -48.54922766732022
69 25.56211272816562 -56.5449464441709
70 25.56211272816562 -54.130737234516445
71 25.56211272816562 -46.167609180650224
72 25.56211272816562 -52.93094108872771
73 32.1834018237388 -52.60273535512238
74 34.44802141071975 -48.40833741162084
75 25.56211272816562 -43.54327820897903
76 28.340783920707395 -42.24211744021731
77 68.42696321230665 -44.326014493839295
78 68.42696321230665 -37.82859824935303
79 68.42696321230665 -38.57788646275108
80 68.42696321230665 -30.137690327874747
81 68.42696321230665 -26.36109112547421
82 68.42696321230665 -23.029060673467793
83 68.42696321230665 -26.607154468561752
84 68.42696321230665 -20.819479070017955
85 79.97593835408539 -33.29363362384877
86 79.97593835408539 -35.378332955519056
87 97.41774364300359 -36.56164490235269
88 79.97593835408539 -34.17660968418931
89 79.97593835408539 -25.021123177247983
90 79.97593835408539 -26.64899056313015
91 79.97593835408539 -22.633121768148694
92 92.57532252199411 -19.42748202756194
93 92.57532252199411 -19.84046759988552
94 92.57532252199411 -13.348449480998461
95 92.57532252199411 -13.444861223341054
96 92.57532252199411 -3.624140080747363
97 92.57532252199411 -16.873163222461073
98 92.57532252199411 -18.97998167940071
99 92.57532252199411 -20.328001181783886
100 92.57532252199411 -15.748895144226985
101 92.57532252199411 -21.371364499780675
102 92.57532252199411 -5.5809485905951295
103 92.57532252199411 -4.181931756286877
104 143.63305510862938 -2.1303415789367115
105 143.63305510862938 -9.987865310005793
106 143.63305510862938 -11.268104877243893
107 143.63305510862938 -7.02424276556644
108 143.63305510862938 -1.8805963777112047
109 143.63305510862938 -3.939639461253757
110 143.63305510862938 -6.2977505554943916
111 143.63305510862938 -8.848783549155742
112 143.63305510862938 -9.190730219486467
113 143.63305510862938 -20.343246439711216
114 143.63305510862938 -14.090742764280838
115 143.63305510862938 -14.367855320116027
116 143.63305510862938 -7.118758393646355
117 143.63305510862938 6.299312447195403
118 143.63305510862938 12.346724412223061
119 143.63305510862938 12.98378950155346
120 143.63305510862938 3.507594881532113
121 143.63305510862938 0.5920899221620699
122 143.63305510862938 -0.8332847730145334
123 143.63305510862938 4.051442455221689
124 143.63305510862938 5.647144978194276
125 143.63305510862938 14.56757165751663
126 143.63305510862938 10.824464634139558
127 143.63305510862938 6.778381210412023
128 143.63305510862938 10.682153005580966
129 143.63305510862938 0.9089569682207272
130 143.63305510862938 8.083375468770102
131 143.63305510862938 9.3306964548219
132 143.63305510862938 15.041644684100163
133 143.63305510862938 7.332095093156996
134 143.63305510862938 11.667748676914313
135 143.63305510862938 7.964380934141864
136 143.63305510862938 10.260734705951135
137 143.63305510862938 19.113548035682946
138 143.63305510862938 21.24902431422866
139 143.63305510862938 14.325658256383054
140 143.63305510862938 15.856542712295177
141 143.63305510862938 8.06673056461539
142 143.63305510862938 5.915716985556813
143 143.63305510862938 13.585263516432668
144 143.63305510862938 23.29514136760643
145 143.63305510862938 14.569806013429261
146 143.63305510862938 8.777984353067424
147 143.63305510862938 12.64717008548578
148 143.63305510862938 12.414384461809442
149 143.63305510862938 13.773617258069233
150 143.63305510862938 7.662995628338698
151 143.63305510862938 12.31674212478505
152 143.63305510862938 10.951159380368326
153 143.63305510862938 19.10557747283821
154 143.63305510862938 15.215877269649384
155 143.63305510862938 8.335618781691636
156 143.63305510862938 4.644898978626261
157 143.63305510862938 12.211991182330758
158 143.63305510862938 5.937396297691394
159 143.63305510862938 17.356118276795158
160 143.63305510862938 4.6389199192200055
161 143.63305510862938 2.3975394614771863
162 143.63305510862938 4.535549119285704
163 143.63305510862938 6.526598227657294
164 143.63305510862938 10.411555584695783
165 143.63305510862938 9.232206546151227
166 143.63305510862938 3.48367566605643
167 143.63305510862938 -2.28088326680087
168 143.63305510862938 -1.3318589043567874
169 143.63305510862938 5.251265401196516
170 143.63305510862938 15.917368876009322
171 143.63305510862938 13.679485944988484
172 143.63305510862938 5.446153498469391
173 143.63305510862938 8.610497317535312
174 143.63305510862938 2.0245944850919435
175 143.63305510862938 -3.5604565110955244
176 143.63305510862938 1.2946316692942388
177 143.63305510862938 16.94926572935245
178 143.63305510862938 17.19382697949881
179 143.63305510862938 16.676527817983597
180 143.63305510862938 12.82327620533009
181 143.63305510862938 8.498935713349482
182 143.63305510862938 10.885425411409702
183 143.63305510862938 27.035784326451783
184 143.63305510862938 12.706510882027287
185 143.63305510862938 0.4678128559690173
186 143.63305510862938 -0.1983778658802792
187 143.63305510862938 3.521248477217307
188 143.63305510862938 5.112828728504815
189 143.63305510862938 21.040084309980372
190 143.63305510862938 20.64652928988739
191 143.63305510862938 24.435289927477797
192 143.63305510862938 15.555150288752776
193 143.63305510862938 6.8630324468520225
194 143.63305510862938 9.922171974767497
195 143.63305510862938 9.455493213457817
196 143.63305510862938 -0.8085993434551051
197 143.63305510862938 2.6322266012268583
198 143.63305510862938 5.709871914442331
199 143.63305510862938 -3.4010305407822696
200 143.63305510862938 -9.061237215090065
201 143.63305510862938 -5.693195718501909
202 143.63305510862938 -1.4894892425577149
203 143.63305510862938 0.04402320328630751
204 143.63305510862938 2.456040206865906
205 143.63305510862938 2.1194982279449373
206 143.63305510862938 13.723954137152097
207 143.63305510862938 10.32860497208087
208 143.63305510862938 5.559888852012505
209 143.63305510862938 7.6419981038825435
210 143.63305510862938 2.447031427028232
211 143.63305510862938 -0.29670752531784805
212 143.63305510862938 9.154241003847584
213 143.63305510862938 8.291625460005235
214 143.63305510862938 14.582335089084548
215 143.63305510862938 14.805602240969463
216 143.63305510862938 31.32393025370843
217 143.63305510862938 11.835358683160797
218 143.63305510862938 16.209711859882574
219 143.63305510862938 20.05183301037834
220 143.63305510862938 -0.6148567490045302
221 143.63305510862938 -1.9647433865901902
222 143.63305510862938 4.813358605930915
223 143.63305510862938 14.301488028436081
224 143.63305510862938 9.429325651558644
225 143.63305510862938 7.191188441228934
226 143.63305510862938 1.4338185642796573
227 143.63305510862938 12.005381289444697
228 143.63305510862938 9.395350055924258
229 143.63305510862938 -5.850200929307927
230 143.63305510862938 -0.30657849627232064
231 143.63305510862938 6.654409537579797
232 143.63305510862938 -0.8802771369254123
233 143.63305510862938 3.2520574188890454
234 143.63305510862938 10.251651766036266
235 143.63305510862938 6.940254060137805
236 143.63305510862938 -1.048938696256935
237 143.63305510862938 8.43009332769351
238 143.63305510862938 2.140969479129285
239 143.63305510862938 5.007147110070861
240 143.63305510862938 1.0536017161048232
241 143.63305510862938 12.340312517073684
242 143.63305510862938 2.891745246659564
243 143.63305510862938 5.477861981584301
244 143.63305510862938 0.2619882912362482
245 143.63305510862938 4.070072785185701
246 143.63305510862938 12.97121515573242
247 143.63305510862938 21.7565808916166
248 143.63305510862938 17.88333003489828
249 143.63305510862938 16.60929240167613
250 143.63305510862938 18.377776603713507
251 143.63305510862938 18.37912599336847
252 143.63305510862938 -0.7985562535351192
253 143.63305510862938 -5.28103923844095
254 143.63305510862938 10.802046430541306
255 143.63305510862938 9.435984830222655
256 143.63305510862938 12.688343387689082
257 143.63305510862938 21.970759805376577
258 143.63305510862938 18.982125768966846
259 143.63305510862938 5.240613535471743
260 143.63305510862938 7.045982698028802
261 143.63305510862938 11.790089715593753
262 143.63305510862938 16.361659869431428
263 143.63305510862938 6.427277085710114
264 143.63305510862938 14.073023578759544
265 143.63305510862938 10.7984237232713
266 143.63305510862938 13.783245941658397
267 143.63305510862938 12.337468812159052
268 143.63305510862938 9.460009530311002
269 143.63305510862938 6.083143290770182
270 143.63305510862938 9.308944450625155
271 143.63305510862938 6.450411223274692
272 143.63305510862938 9.954558907841829
273 143.63305510862938 -0.2934127814665844
274 143.63305510862938 3.4842842583930995
275 143.63305510862938 -0.6679331749164567
276 143.63305510862938 -1.134132840050396
277 143.63305510862938 -1.2555845957779288
278 143.63305510862938 7.7872890185282895
279 143.63305510862938 4.22982601276319
280 143.63305510862938 17.764178002954395
281 143.63305510862938 2.387358932330781
282 143.63305510862938 -4.059259572931446
283 143.63305510862938 2.5219821193342113
284 143.63305510862938 12.434103013086318
285 143.63305510862938 18.230439812306546
286 143.63305510862938 11.42978858086856
287 143.63305510862938 4.967981316934398
288 143.63305510862938 2.1716238680027864
289 143.63305510862938 -9.996366380381025
290 143.63305510862938 -2.9629848346456433
291 143.63305510862938 11.894144525320602
292 143.63305510862938 17.720170825017686
293 143.63305510862938 18.52111129255476
294 143.63305510862938 19.5453284120484
295 143.63305510862938 12.306139508261786
296 143.63305510862938 6.590424426139114
297 143.63305510862938 -3.2930829966875423
298 143.63305510862938 10.226265884915339
299 143.63305510862938 8.03625778967965
300 143.63305510862938 9.200496863028297
