0 60.975253096053876 228.90170836063407
1 27.094364263671505 253.37784272636398
2 22.11360079639978 319.36089549541305
3 30.162391671804002 202.7457392005636
4 13.515006997109706 119.23116871627654
5 6.940295906319214 60.14647762371701
6 2.7514677002855885 36.70671041907909
7 4.9128230397347314 18.096370854624357
8 1.2315936255068067 12.417155245070111
9 1.0734866634307905 6.3523587882125545
10 0.4978180462452595 3.433797198765184
11 0.16620248221455317 1.8852398789536948
12 0.19639889092493437 1.0213003117110284
13 0.05527471937386962 0.6557525266416714
14 0.07319192179587153 0.37570956260931404
15 0.025880967315394805 0.19750303198812466
16 0.024471437145899944 0.12568763850888232
17 0.00543971878376759 0.0626409609583346
18 0.006531935875609074 0.03108051571492388
19 0.0026172128096250678 0.018988209239526932
20 0.0005062501454261286 0.012988996737257511
21 0.001114224036524404 0.007731082821675159
22 0.0007007037581597803 0.004727202489540056
23 0.00041897951130645707 0.0028105093089533725
24 0.00018701443930446216 0.00143370465125442
25 4.5558779125722164e-05 0.0007972850670416964
26 6.093737409001829e-05 0.0004140764571647497
27 3.3420231111877325e-05 0.00023599552840478382
28 2.5839231947851596e-05 0.00015867966248114582
29 1.8016290574563643e-05 9.955092423276661e-05
30 5.5241337404770966e-06 5.812130416102164e-05
31 4.034465494552188e-06 3.101872781165566e-05
32 2.281929972481634e-06 1.7214535786624033e-05
33 1.2030779160733064e-06 1.1106725262215607e-05
34 7.587373037274336e-07 5.36095187579483e-06
35 4.694371294893228e-07 3.1315440342967375e-06
36 1.4616982046658183e-07 1.91850779650965e-06
37 1.6716198588799898e-07 1.2033757883840007e-06
38 8.031249928915732e-08 6.772590126056424e-07
39 5.0315230634903695e-08 3.907783369669324e-07
40 1.2248660746729172e-08 2.1105184735231123e-07
41 1.3330920229157524e-08 1.0794288252768592e-07
42 7.751486723165015e-09 6.982908173455478e-08
43 4.505853806955613e-09 3.6068362212806584e-08
44 2.9835444661342406e-09 2.236535011445436e-08
45 1.067090475961771e-09 1.1550132504760403e-08
46 1.2520609198966978e-09 8.175995524060866e-09
47 7.786209548113048e-10 4.47356383629515e-09
48 3.540348276155919e-10 2.7142152975325284e-09
49 1.9531342363454107e-10 1.5716743292719676e-09
50 1.198507967092941e-10 8.624904385463702e-10
51 1.353883947619925e-10 5.555166053369415e-10
52 4.412018541597817e-11 3.142068497888936e-10
53 3.3719915624655e-11 2.0340075749566488e-10
54 1.73632641321914e-11 1.198844911219241e-10
55 8.349235477844926e-12 7.034591919561738e-11
56 6.882261542558965e-12 3.435742194387307e-11
57 2.7248050522260516e-12 1.9169458819112442e-11
58 6.965601936552914e-13 1.0487851321983685e-11
59 8.322262042164782e-13 6.281093830720587e-12
60 5.533325389407184e-13 3.709581280336571e-12
61 1.4565886065359222e-13 2.1894991101459456e-12
62 1.8992555352297893e-13 1.058636583320506e-12
63 1.437321171965329e-13 5.703028946752817e-13
64 4.913622542182862e-14 3.0980258421463135e-13
65 2.8623546703487817e-14 1.9511789330912965e-13
66 2.1301208025605168e-14 9.991916453412885e-14
67 4.223831626744876e-15 5.782941926755558e-14
68 5.536161812697335e-15 3.2134366365966257e-14
69 2.8933728633221853e-15 2.0930184126313324e-14
70 1.945287603755397e-15 1.279538874174564e-14
71 1.3008591949672638e-15 7.910918775813203e-15
72 7.21444620641552e-16 4.0609416814838306e-15
73 6.174684698515582e-16 2.77481509462174e-15
74 4.087332002921477e-16 1.6436892448118743e-15
75 3.702099457990317e-17 9.617420484108418e-16
76 7.545164610723646e-17 4.706403458187445e-16
77 2.3955569425357356e-17 2.5623265321486974e-16
78 1.1462795246546234e-17 1.2383110196708305e-16
79 1.157752193641247e-17 7.763748715201885e-17
80 2.1846518451591867e-18 4.074754276905604e-17
81 1.13625376318592e-18 1.9613745570085365e-17
82 9.904206245109296e-19 1.122218120409276e-17
83 7.640889193289166e-19 5.6247095573871385e-18
84 2.9661469102331413e-19 3.0448000861719384e-18
85 2.2020921745157955e-19 1.7414136298262968e-18
86 2.1314878796731936e-19 9.441703645878753e-19
87 9.441724120346118e-20 5.398407116797955e-19
88 8.328555019216324e-20 4.16883823610638e-19
89 4.623032845531457e-20 3.317959707014258e-19
90 1.0973951160810762e-20 1.9975257698483412e-19
91 7.185945726256877e-21 1.0104754275086262e-19
92 8.363152166490127e-21 5.769997478361797e-20
93 6.295975528792986e-21 3.314659127897462e-20
94 8.562172428428885e-22 1.8038006665988583e-20
95 1.183016898286336e-21 1.0012228477787074e-20
96 3.236716983093686e-22 5.3238016811841836e-21
97 2.72627353993094e-22 3.1977002146422073e-21
98 3.0329385439282716e-22 1.9453432602076465e-21
99 1.1922509123851232e-22 1.088944945799813e-21
100 8.737843022351422e-23 5.211294230617447e-22
101 2.1958058894754676e-23 3.5607842176608194e-22
102 1.505328514295712e-23 1.991551435149882e-22
103 1.3118759252472306e-23 9.907871246224236e-23
104 4.885812205706135e-24 6.574541335335233e-23
105 3.0270004626379537e-24 3.0096160197779e-23
106 2.2382572807390562e-24 1.680421627320644e-23
107 1.2350629232764222e-24 1.2196446584579316e-23
108 6.440442654672424e-25 7.929607981525677e-24
109 5.0788259505095985e-25 3.897606769486498e-24
110 3.175303597082272e-25 2.0778018186897746e-24
111 1.7764738972688567e-25 1.161501170608904e-24
112 7.128342915243852e-26 5.855542322679495e-25
113 2.7217747503860803e-26 3.1526853380638987e-25
114 7.84493838383049e-27 1.7569206558223352e-25
115 1.8303200591228192e-26 1.2050879965912233e-25
116 1.3378550975970115e-26 6.761642822914252e-26
117 6.54980773262704e-27 4.3210372700076745e-26
118 5.756499544207198e-27 2.5048388426588967e-26
119 2.3880964977856678e-27 1.4506360294961668e-26
120 1.113381657788124e-27 8.302865536542469e-27
121 6.744236808639884e-28 4.624885531759638e-27
122 3.8868589819032254e-28 2.421251574619197e-27
123 1.4126943643949894e-28 1.2915162267340699e-27
124 9.714664573099939e-29 7.909418671206474e-28
125 7.117435671679627e-29 3.971847273400011e-28
126 1.8429320099182237e-29 2.2999487574774977e-28
127 2.4363344419379932e-29 1.2720479232591608e-28
128 9.092319135336545e-30 6.724868917601943e-29
129 4.2418100897969806e-30 3.672843488926859e-29
130 3.08205068626372e-30 2.265971022069599e-29
131 2.3241031593378327e-30 1.605205709071797e-29
132 5.957769397109118e-31 9.879395172860741e-30
133 9.241510848976725e-31 5.5142078559618154e-30
134 7.454996213557837e-31 3.181367488854533e-30
135 2.5134093494943e-31 1.9877062220969527e-30
136 2.269428695945512e-31 1.2874995939525285e-30
137 1.8471000336541569e-31 6.86428799855537e-31
138 6.952199519959187e-32 4.0305043880513e-31
139 5.121781675833357e-32 2.5019296863952294e-31
140 4.0915338059696027e-32 1.786521850508003e-31
141 2.032921428193413e-32 1.1714621766930625e-31
142 5.485449707707793e-33 8.032666214448928e-32
143 5.189717361643804e-33 3.8709998377776824e-32
144 1.9258729570845842e-33 2.023500505012995e-32
145 1.4563315248688802e-33 1.0425401895763769e-32
146 5.277655006556e-34 5.3862135171230645e-33
147 4.186104106836709e-34 3.321216780266061e-33
148 3.8513728670169393e-34 2.412447718757762e-33
149 1.4889053547259228e-34 1.358154197287398e-33
150 1.5450202712478555e-34 9.242198170256011e-34
151 5.966947798707683e-35 4.262455591185536e-34
152 3.692455199614028e-35 2.420444430782e-34
153 1.4634290358997745e-35 1.3342011765505815e-34
154 8.156896714822929e-36 6.367809121251637e-35
155 2.0677208813723624e-36 3.9866359072670196e-35
156 2.256218555631974e-36 2.0295770732355204e-35
157 1.6389994149770747e-36 1.075839677197182e-35
158 1.1600495890932955e-36 7.83234094926363e-36
159 5.0949764718925766e-37 4.069589318326136e-36
160 3.914938631555928e-37 2.1797813732868068e-36
161 1.6660337473592138e-37 1.2537685369374526e-36
162 1.1796523689311974e-37 6.501930125477677e-37
163 8.000771465260448e-38 4.083494101793222e-37
164 6.251495267429987e-38 2.565496354066155e-37
165 2.1216729379809112e-38 1.3828308921021415e-37
166 2.4879528121917297e-39 6.602981583640543e-38
167 8.396344002982237e-39 4.0498977148592646e-38
168 1.9351564117531818e-39 2.502132732306146e-38
169 3.056177594535211e-39 1.3534191479201957e-38
170 1.089288644820905e-39 9.108151226893669e-39
171 1.111291816107561e-39 5.4598311816878116e-39
172 3.7114527170385416e-40 3.1566750059973866e-39
173 2.5050918791943703e-40 1.7616218405756024e-39
174 1.411303858628158e-40 1.1346342659997045e-39
175 1.2570382562055153e-40 5.7948948443075625e-40
176 7.282757748002967e-41 4.8027503657996646e-40
177 5.202744221731367e-41 2.734920344149475e-40
178 1.61068410877596e-41 1.5416048631900256e-40
179 2.3880170017751246e-41 9.971104768090842e-41
180 3.4662997682999045e-42 4.929397393469412e-41
181 6.668993632651252e-42 2.8633947988207927e-41
182 2.653119070309367e-42 1.7821555915764898e-41
183 2.511141990797928e-42 1.0453365123857137e-41
184 3.892451187591412e-43 6.728480337760283e-42
185 5.224357418621635e-43 3.914115131673616e-42
186 3.671293999192149e-43 2.2075453598360235e-42
187 2.3467798961271707e-43 1.370997191345239e-42
188 1.1863531262376127e-43 9.12832553556143e-43
189 4.0747590776662433e-44 4.6626788434221995e-43
190 7.555869828722764e-44 2.867988715802483e-43
191 1.7038307408180486e-44 1.6137852528758757e-43
192 1.5749200402741918e-44 8.970907992563872e-44
193 6.711177734136733e-45 5.349960511708662e-44
194 4.1481466301206616e-45 3.0620274829420014e-44
195 3.2372609763457233e-45 1.7680334985134106e-44
196 2.28500689919665e-45 1.2835230964314893e-44
197 6.340256086484124e-46 7.229736469211917e-45
198 6.1770397301503814e-46 4.1813174837704915e-45
199 2.7662593065907424e-46 2.1424647976697806e-45
