0 44.88254244088725
1 21.672793777805314
2 11.683008462866939
3 11.683008462866939
4 5.897368210189986
5 4.978741660627003
6 3.9839181680838154
7 1.9842654619896805
8 1.3085064190808662
9 1.122070953141883
10 1.1844096922292713
11 1.1844096922292713
12 1.0623276547964056
13 1.0623276547964056
14 1.0623276547964056
15 1.0582735587869343
16 1.0506557200679194
17 1.0459614823917036
18 1.0451665005426611
19 1.0411970370634887
20 1.0411970370634887
21 1.0282898332298247
22 1.0279679225299174
23 1.0265707296030837
24 1.0260946017820243
25 1.0260946017820243
26 0.5181062312948325
27 0.48610585035242393
28 0.47287876768036746
29 0.37252009780754924
30 0.2831313855326576
31 0.2375719034143449
32 0.19341198950356547
33 0.1713973638625393
34 0.1752340457384468
35 0.1752340457384468
36 0.1752340457384468
37 0.17509919310817118
38 0.17509919310817118
39 0.17506577629631098
40 0.17506250865458273
41 0.1750539297993597
42 0.1750539297993597
43 0.1750537005265702
44 0.1750537005265702
45 0.1750537005265702
46 0.17505345934298827
47 0.14506764115470358
48 0.12531049997713756
49 0.12516144150496517
50 0.11006824913843116
51 0.11194901557628142
52 0.11601612244201256
53 0.10724682334040482
54 0.10724682334040482
55 0.10724682334040482
56 0.10724682334040482
57 0.10724682334040482
58 0.04465692556185817
59 0.04465692556185817
60 0.04465692556185817
61 0.04465692556185817
62 0.04465692556185817
63 0.04465692556185817
64 0.04465692556185817
65 0.044656925561858164
66 0.044656925561858164
67 0.044656925561858164
68 0.044656925561858164
69 0.044656925561858164
70 0.044656925561858164
71 0.04465692556185816
72 0.044656925561858164
73 0.04465692556185816
74 0.04465692556185816
75 0.04465692556185816
76 0.04465692556185816
77 0.04465692556185815
78 0.04465692556185815
79 0.04465692556185815
80 0.04465692556185815
81 0.04465692556185815
82 0.04465692556185815
83 0.04465692556185814
84 0.04465692556185814
85 0.044656925561858136
86 0.044656925561858136
87 0.044656925561858136
88 0.044656925561858136
89 0.04465692556185813
90 0.04465692556185813
91 0.04465692556185813
92 0.04465692556185813
93 0.04465692556185812
94 0.04465692556185812
95 0.04465692556185812
96 0.04465692556185812
97 0.04213172920801615
98 0.042144013131591426
99 0.042379128217005686
100 0.04248751542384736
101 0.04247781853756389
102 0.042465403327792486
103 0.04247051036037738
104 0.04247051036037738
105 0.042470426275767956
106 0.04247041883181115
107 0.04247041495544703
108 0.042470433397390844
109 0.042470433397390844
110 0.042470433397390844
111 0.03234379616853057
112 0.034661742554443306
113 0.034661742554443306
114 0.034645778988958105
115 0.02391181701534443
116 0.022990710375395105
117 0.022990710375395105
118 0.023300307825436243
119 0.023315360690225884
120 0.023315360690225884
121 0.023315360690225884
122 0.02307997839082874
123 0.02302541307861107
124 0.015111590262946967
125 0.014979254888367008
126 0.014979254888367008
127 0.014979197054225957
128 0.014979254888367008
129 0.014975263875506432
130 0.014971807841249537
131 0.014973541624694673
132 0.014973387464511732
133 0.014973387464511732
134 0.014973359841867253
135 0.014973370436435469
136 0.014973370936836615
137 0.014973369382886162
138 0.01497336112898439
139 0.014973361517633
140 0.014973361382214124
141 0.014973352242225306
142 0.014973353088316052
143 0.014973353017079884
144 0.014973351691464208
145 0.007224714591896272
146 0.006469363851637734
147 0.006973312088257042
148 0.006973312088257042
149 0.006973312088257042
150 0.006938897782284131
151 0.006959189031212543
152 0.0030767970081391604
153 0.002747862490581125
154 0.002388759247471896
155 0.0024720302463002576
156 0.0024720302463002576
157 0.002440852933035181
158 0.002398544119418166
159 0.002398544119418166
160 0.0024175190699178267
161 0.0024155162867950165
162 0.0024160254837513
163 0.002414898314645647
164 0.002414470313812383
165 0.002414489684933578
166 0.0024142567132524138
167 0.0024142567132524138
168 0.0024142567132524138
169 0.002414205728450053
170 0.002414205728450053
171 0.0024142044044140683
172 0.0024141873120517203
173 0.0024141873120517203
174 0.0024141873120517203
175 0.0024141860492643877
176 0.0024141843156122726
177 0.0024141839657158956
178 0.002414183744427428
179 0.002414183446477161
180 0.002414183110369728
181 0.0024141831961816077
182 0.002414183160574954
183 0.0024141830748108705
184 0.0024141830717059154
185 0.002414183062673039
186 0.002414183048937547
187 0.0024141830590200634
188 0.0024141830539597866
189 0.0024141830539597866
190 0.0024141830536096452
191 0.0024141830536096452
192 0.0024141830510895686
193 0.002414183049038315
194 0.002414183043468286
195 0.002414183043468286
196 0.002414183043468286
197 0.002414183043468286
198 0.002414183042687637
199 0.00241418304244461
200 0.00241418304244461
