0 51.639511443784116 185.33328693913472
1 38.582176664508715 147.16133677306073
2 17.07277606505592 101.43459425965533
3 10.66688092557747 68.26268347933801
4 10.66688092557747 49.71431535776652
5 10.66688092557747 35.65276967767909
6 7.378301312408736 25.441115767448917
7 5.077744654123661 17.23390589904633
8 5.368372429482343 12.797334236377901
9 3.368559353837992 9.793427435309914
10 3.3273437821097334 7.690334119513435
11 2.1255703767197875 5.954011534476482
12 1.1213847469241591 5.02873219759827
13 0.8776823103820559 3.9093253269140957
14 0.8776823103820559 2.9030365631268533
15 0.839713841128324 2.1584252455124893
16 0.4407327770714902 1.5216975502137504
17 0.17028403795950475 1.1277119438265395
18 0.17028403795950475 0.8536778438241718
19 0.17028403795950475 0.6073857558430447
20 0.10858960235908735 0.37210153655012596
21 0.05057920101138339 0.2323817672020201
22 0.020341731747048418 0.15637476400662667
23 0.020341731747048418 0.11284105182752796
24 0.016825897041409407 0.07755972142452264
25 0.016825897041409407 0.054849161530190337
26 0.008476120719903335 0.040294821815828843
27 0.006999519561543699 0.03375463614734717
28 0.0029218153395272136 0.017108263132668902
29 0.0014278376843487315 0.012196908940937001
30 0.0014278376843487315 0.007252201409459809
31 0.0008138899262219858 0.004656871620351484
32 0.0006963707175432076 0.003073111074665716
33 0.000452654699919723 0.0035842645252947202
34 0.00039895813377323797 0.007221408443662843
35 0.00035937958254026435 0.002984309367723776
36 3.368817803861449e-05 0.0009261788622822509
37 0.00012383613078744297 0.0009158694699588915
38 7.492883085692488e-05 0.0005222284742618154
39 6.718927232318379e-05 0.0010078461920681847
40 3.93944327603068e-05 0.00023081197930800804
41 5.628673154623434e-05 0.00014532363469381483
42 2.926433917361708e-05 9.737942310208095e-05
43 2.0068011842914966e-05 7.516489576824518e-05
44 1.4946522989908435e-05 6.064179623429139e-05
45 1.0130243485377649e-05 0.0006624227574575577
46 9.68578126434935e-06 3.309532269795183e-05
47 6.2897112119190555e-06 2.3178739354994746e-05
48 4.016444664704204e-06 1.6450312897134404e-05
49 3.2258043821782235e-06 0.00015687965888443832
50 1.7524530065035852e-06 9.140188356401654e-06
51 8.434860352992205e-07 0.0009402801268326218
52 7.854463924399098e-07 4.861686381878484e-06
53 6.123745531221534e-07 3.3392192522473286e-06
54 4.1570576848656236e-07 0.000930025117700916
55 3.2303235751292623e-07 0.0009561346928756339
56 2.6170983295915454e-07 0.00012111581188296703
57 1.349921819600606e-07 5.538699605444002e-07
58 1.0956146505890633e-07 4.134046946254132e-07
59 1.0956146505890633e-07 0.0017984574686221082
60 3.937937571311499e-08 2.2530197101024258e-07
61 3.937937571311499e-08 1.7460428102254654e-07
62 3.937937571311499e-08 1.282521465146838e-07
63 1.6084958667853028e-08 9.166795971407758e-08
64 1.1553895491592136e-08 6.728256649942687e-06
65 7.0089140986231074e-09 4.3456238612944307e-08
66 7.039025185427709e-09 0.0007406738802405569
67 2.673181062596274e-09 1.8164360066124046e-08
68 1.971683373838268e-09 1.2079152914015789e-08
69 5.098778610770787e-10 8.433570080817074e-09
70 5.098778610770787e-10 5.306902932439771e-09
71 5.098778610770787e-10 0.006094980090989801
72 3.6991436269844566e-10 2.133509092406901e-09
73 1.4797274213475723e-10 1.2970499284536794e-09
74 1.4797274213475723e-10 5.190884479208026e-05
75 1.4797274213475723e-10 5.343986608465205e-10
76 9.382996440491969e-11 3.9684503428560974e-10
77 4.4373660072963783e-11 2.8120955501859873e-10
78 4.4373660072963783e-11 1.7860959311544128e-10
79 2.5347944970205253e-11 1.2243707821380396e-10
80 2.5347944970205253e-11 8.864627599477423e-11
81 1.2363778419984333e-11 0.009581311973247896
82 1.1987304293123825e-11 0.008005593007044
83 7.272090677417294e-12 3.1733214668620316e-11
84 6.3024239353226635e-12 0.0015098127187983797
85 4.454378672457123e-12 0.0033854154918767925
86 3.235625557747679e-12 0.0033649392813539705
87 3.235625557747679e-12 0.008025882056705366
88 2.770769945817102e-12 0.007366514818755222
89 1.5879277090012342e-12 0.0003458137281661012
90 1.5871261098509477e-12 0.0023853709876573213
91 8.891774689614341e-13 3.1804177059974918e-12
92 6.916264883618028e-13 3.743609453740615e-07
93 4.924751292278839e-13 0.00013636753901416742
94 3.181824815453689e-13 1.265182955919524e-12
95 2.298780195056739e-13 9.413051528145367e-13
96 2.288008534394999e-13 0.0006440749241892887
97 8.104406263648491e-14 0.00024952574906139983
98 9.906726832877264e-14 3.484438330559378e-13
99 5.269784464343727e-14 0.0003785510183105363
100 5.456459669182862e-14 2.0370609627589754e-13
101 4.0991787697546656e-14 1.6868839584263737e-13
102 2.0366874662104994e-14 1.0107987864907961e-05
103 1.4246292152722936e-14 8.470932787443227e-14
104 3.5099697925165978e-15 5.612432123404772e-14
105 4.8367841335758344e-15 3.748660874174635e-05
106 3.0034024213516187e-15 0.007465483498118383
107 3.0034024213516187e-15 1.649065754106321e-14
108 2.6757467906756625e-15 1.0266807818192375e-14
109 2.583957831107053e-15 6.630539311373327e-15
110 1.4421035468206356e-15 4.644811295765152e-15
111 9.203179849150104e-16 3.626528471087321e-15
112 7.922080373133794e-16 0.0001869724863770299
113 8.769137228676094e-16 2.417405008168756e-15
114 4.590410087973226e-16 1.8017525808460707e-15
115 3.5979559109718345e-16 1.4257334731199922e-15
116 4.0150247540700437e-16 0.005867133112279662
117 1.9923626061349465e-16 7.928161873125722e-16
118 1.1377387306962358e-16 6.033252029211233e-16
119 1.1377387306962358e-16 0.0006416264953235726
120 8.648768692520629e-17 3.2614743418118965e-16
121 4.2736960589075494e-17 0.0032337297922059066
122 2.702126120102046e-17 0.0003743274403445753
123 2.2870489351614348e-17 0.0015052418456486145
124 1.97622991787546e-17 0.00028579770705105346
125 3.852634114380707e-18 6.043103851343229e-17
126 4.906284002605025e-18 3.939049066445336e-17
127 3.218330343975076e-18 0.0031460081821804435
128 3.5591780852877925e-18 1.8582893181521078e-17
129 1.7819760220053412e-18 1.2541266456057193e-17
130 2.372042092909633e-18 7.771423574183987e-18
131 1.6598903781496229e-18 5.310623235618766e-18
132 8.91025892048791e-19 3.8593733533671715e-18
133 7.968385968955571e-19 7.001486914381924e-05
134 7.522252190413657e-19 2.4095187973164312e-18
135 4.633736231586636e-19 0.004451492101549245
136 3.83331000508797e-19 0.0004917308712242885
137 8.772658138798714e-20 1.022784550234633e-18
138 8.772658138798714e-20 6.684208708390158e-19
139 8.772658138798714e-20 0.0025920450428825073
140 7.417184587257771e-20 0.010828714734822898
141 7.516600930911737e-20 2.868534279225027e-19
142 5.284431921197457e-20 2.0257543253723116e-19
143 4.1316475424593436e-20 1.3944035881190762e-19
144 7.488836312705568e-21 9.727163135113355e-20
145 7.488836312705568e-21 0.005024620485773518
146 7.488836312705568e-21 4.82400988630428e-20
147 6.6474085854622265e-21 3.328808878815852e-20
148 3.2574290410982224e-21 1.9738899119424018e-20
149 3.2574290410982224e-21 0.010052645374098557
150 7.443302653352167e-22 8.363109965763506e-21
151 7.443302653352167e-22 5.7682088515083226e-21
152 7.443302653352167e-22 4.0137429463676775e-21
153 4.413177478783214e-22 2.3679226103647553e-21
154 4.324529120980073e-22 1.5852151035570888e-21
155 4.0052299291841325e-22 0.00018988438580063975
156 2.921144788950013e-22 2.531078271445071e-05
157 9.721326478909982e-23 0.005239322336967181
158 9.721326478909982e-23 1.3416884981024701e-05
159 6.595371225045385e-23 3.352314452239303e-22
160 3.4283577247058195e-23 0.0021641290090491008
161 2.954505557973644e-23 1.6569434775156213e-22
162 1.9969879695589203e-23 1.1617906096693557e-22
163 1.471885409282893e-23 8.366329835573999e-23
164 1.5613472506210753e-23 0.00027744338809581524
165 1.3085285766985507e-23 0.0009264992034742486
166 7.478482616311233e-24 2.8223122103860966e-23
167 1.5123645080946e-24 2.136750220396969e-23
168 1.5123645080946e-24 0.0034511948766402572
169 1.4258516708319773e-24 9.762986695122092e-24
170 9.996405443536044e-25 6.187047926862731e-24
171 7.682361305528113e-25 4.1898372627483375e-24
172 7.682361305528113e-25 0.0017830753252167208
173 3.7040780825394307e-25 0.0015991255492629431
174 2.759370632284678e-25 0.004806004512859268
175 2.14246488603631e-25 0.0008531378998865715
176 8.6883908303e-26 8.627444160128631e-06
177 2.4155809273949994e-26 0.0008741923539453668
178 2.4155809273949994e-26 2.946549923798741e-25
179 2.4155809273949994e-26 3.915331543527759e-07
180 2.4155809273949994e-26 0.0004334799775463672
181 1.2472483271321873e-26 7.767800706971865e-26
182 1.6185967103259041e-26 5.816379484013221e-26
183 1.733728662730978e-26 4.142128972345772e-26
184 7.835391012927235e-27 3.2969951091385104e-26
185 9.647378631797678e-27 0.0021656078523714373
186 7.189829426232553e-27 0.00662431918305196
187 5.562506837627096e-27 1.3849804904535197e-26
188 3.2139584417628887e-27 1.1079801227247521e-26
189 2.4847378094335976e-27 8.346570404164453e-27
190 1.6373815374820236e-27 6.3263486916554325e-27
191 1.1434491648467888e-27 3.981616001320208e-27
192 5.382589729763309e-28 2.787057855967844e-27
193 5.302989327972475e-28 0.0007450924736132719
194 5.302989327972475e-28 1.4918133902711954e-27
195 2.6686392372058776e-28 0.0025083842932338085
196 2.663189044288603e-28 7.831236885551142e-28
197 1.249932993477914e-28 0.0017976446337391373
198 1.249932993477914e-28 4.0177702124382085e-28
199 1.085386145887903e-28 0.00663948857243444
