0 23.079647898100127 218.18697570882472
1 23.376053852774668 104.9985944162505
2 14.049285096992788 52.79933226377061
3 3.1539881084335324 38.86189228230909
4 7.584640603256048 40.103706548286084
5 2.74642311314785 29.98592862650249
6 3.9488747827971618 29.643835321297097
7 1.9922615887302701 25.914741364568144
8 1.8216747186362292 25.122074158342784
9 0.5890760475869784 24.699423640577535
10 2.5446171913213345 22.838870017396374
11 1.3291740002372243 22.53893041923388
12 0.7842937801448383 22.2714709205918
13 3.5918634821216524 21.627957656962476
14 1.6395768128126496 22.13193341625132
15 3.4118807260638593 22.05994508277202
16 0.6599821591879075 21.125852208312157
17 2.7390074079889466 19.492899916388883
18 0.7816670287051599 21.41345671316653
19 2.561389616730634 20.55277897683432
20 1.4639423857751024 20.219885953370007
21 2.264359192717222 18.886536970948626
22 1.9872085020442056 19.97256790533491
23 1.4701405013004203 20.08020108596089
24 1.2352917272435422 20.950389355400468
25 0.8923209000663436 19.013890236016973
26 2.2974408112745994 19.75444284524085
27 1.639215181786149 18.8032077154972
28 2.3705492288787355 20.420509510504026
29 0.4655782048722553 19.35443082794544
30 3.6211411305260324 19.614656154958038
31 2.472099813684043 19.281564886194207
32 1.1279725067401765 20.822109346310825
33 1.3376505179945726 19.95534655905725
34 1.6790028603058604 19.353094320630667
35 0.9805678071528057 19.585255597762615
36 1.9505237396413135 20.92796861231294
37 2.6703549232793975 20.3957459842878
38 2.48275411733513 19.818152126371192
39 3.4188563768722204 20.007414008538923
40 2.2266233374337436 20.629518483835504
41 3.2672420635423283 20.472199469888007
42 1.6930059199077754 19.28766381034739
43 2.4557443326967388 19.98059495716637
44 1.7721323538693863 20.218037606802852
45 2.170735042178619 19.234789486395027
46 3.4278483438446616 20.162322772380186
47 1.1641152339045755 18.79692595300412
48 2.392466813151488 19.149738228221256
49 1.9777875661877744 20.165745701725044
50 3.4010702931963612 20.05899573755952
51 3.221617771550208 19.175315280706535
52 1.3362079594531215 19.836595525967812
53 2.976274783299566 22.016223648301814
54 1.2815633724885895 18.738117944827685
55 3.068849700268825 20.392204072885185
56 2.9139919316589564 19.52793176958868
57 3.079489482529552 20.34754186523625
58 1.7727124710806155 22.386220644178582
59 4.068469732302537 20.065995752794905
60 5.439161989665817 21.140531344067302
61 2.4532843074537913 19.2143319672534
62 3.8851632491677788 20.80273838878796
63 1.562997024904366 19.721980090518866
64 3.274511711849795 20.19196631122978
65 2.9143574696727903 20.2848721474223
66 3.226324177122219 21.027876413701293
67 3.1851666598666997 19.344983110933104
68 0.877200370498713 20.493773970897703
69 0.9221896810060564 19.933647357612276
70 1.6931026732894014 21.26852138295235
71 2.1954521755335743 20.688770776002134
72 1.7499845953236755 20.23356518909983
73 2.1511345001906497 19.80632168908983
74 3.399864929665188 19.1742756876628
75 1.3044488389921347 21.01843421177903
76 3.694324614107437 19.083602767466076
77 2.801667775891721 18.713851789215102
78 2.355660870770239 20.259703259782874
79 1.9767004925140967 19.36305981527923
80 4.062142944138177 21.07487267623807
81 3.432622136662789 19.0735780379597
82 4.86176488216452 20.77690697213774
83 2.8294711848621925 20.008182348210795
84 2.9598607760648776 21.146991451491274
85 2.6532746184674103 20.057623507966355
86 4.822898172707251 19.484160206593376
87 0.44585963351902136 20.559359295432905
88 3.2035376753349274 19.78997070145681
89 1.9795413172200689 20.117679537885028
90 2.0513105444742235 20.554680017852135
91 1.7816535445868964 20.999403396772603
92 2.6591056473435226 19.734137654285195
93 1.318004377487061 20.036114554266565
94 3.8982215135093377 20.66694472861257
95 3.585583738196478 18.898819919672903
96 1.8631018432064868 21.52821772577614
97 3.5304880637151372 18.49539895120526
98 2.402693079949917 19.939924115386134
99 3.903442271890288 19.565528533504377
100 4.524286959990483 18.84029244254335
101 2.176067356006047 20.778982590887686
102 3.835378476587022 20.724008800548273
103 2.9122912701541193 20.87262778792292
104 1.4462016750568552 21.18617179093883
105 3.81664751103897 20.958783541040386
106 2.283604352358977 20.787979283608433
107 4.338986017850867 21.62784379062387
108 1.9029623622631797 19.61553049674457
109 3.820803113902439 20.461306605789193
110 2.8920573011629203 20.309195362218333
111 2.9247821051708423 20.957465565330775
112 3.160397267732591 20.12206925353844
113 2.365920561312809 20.195079588199143
114 0.9274107474849801 20.1799897218608
115 3.1537406263633803 20.449276977347168
116 3.6719482027268744 21.00887647402203
117 1.9964392668525321 19.836105501415688
118 3.466456108396005 20.263330142787307
119 2.610760869741171 20.67210295669507
120 1.8845634164340734 20.564453100253573
121 2.7028243081323087 20.13144512273459
122 4.024249169315134 19.817279094090832
123 2.896225363452102 20.80462125386899
124 3.8355416411955345 21.040619824992977
125 2.889134273834668 20.118977644750025
126 3.7317372511334908 20.173316369626978
127 3.527774271774406 18.743712109778528
128 1.4067746987622327 20.282400202313045
129 1.1200876874247374 20.675955100085407
130 1.5017189561836641 20.180513085015665
131 2.5259912296904976 20.037305324146825
132 4.714795125592007 20.57490115354797
133 2.1448199264818064 20.871215956736563
134 2.682325260926887 19.49960107337054
135 3.471472823112561 19.446452894133813
136 3.453999657504366 19.719146852348388
137 1.7195942222375273 20.0926963292255
138 4.122203103573371 18.827193504156796
139 1.6862566913603736 19.017708306867576
140 3.8404782751498856 19.134739598808633
141 3.210081263949536 18.779826813898445
142 1.8411819470968442 19.1916079181817
143 3.3692735330394172 20.016168013290923
144 4.408302229025301 20.398116450938833
145 2.107331230515414 18.750552898451225
146 2.5439950168792285 22.273856275301995
147 4.643812613049583 20.46307752158921
148 2.734022347922136 19.437210571507112
149 1.6921481666664366 20.11189933593296
150 5.343198212821958 20.260735035040923
151 1.665814942241717 19.638883509464936
152 3.6887217078170753 19.99559776016689
153 2.666730953721811 21.159597218152836
154 2.745666732201271 19.566052750607177
155 1.608245654923059 19.624883004055874
156 3.0746194058761134 21.186603021635026
157 1.2795251719086145 19.85820834632757
158 1.934811087703294 20.632887022752353
159 1.5645464847216255 19.251210308158658
160 3.8810071307598104 20.703492306029904
161 3.1122293794169784 20.190498041899364
162 1.823353194265625 19.824465394740308
163 1.0208065800142763 20.366229493366795
164 2.6632537001570618 19.326445705545584
165 1.663859604919166 19.887523178476876
166 2.236054652997528 20.811124481339355
167 2.588911359371236 19.59875799694117
168 2.856909501083281 20.089968683433256
169 1.943046973196684 18.52259932976254
170 2.2709454217941714 18.70912329159259
171 4.747977255597275 19.239848396634525
172 2.601340364315731 20.95116109332285
173 2.9896769765162614 20.943630812933314
174 1.2668520005894313 20.274588004481885
175 4.2967426924668155 21.176304086033547
176 2.3776926029910244 20.68709858001243
177 2.8615375532263085 20.59694163742649
178 4.279506735249341 19.616468085744128
179 0.9950695007113428 19.968841050533594
180 3.0612490263369994 20.26904312099705
181 4.626373756957607 19.69661165929622
182 5.20092703923873 19.713070868870876
183 2.4679659406877987 21.453881498621772
184 3.921624719844774 19.270719236326148
185 3.7018211575379683 20.404541319505917
186 3.132023256284982 19.749023972732836
187 2.6169823180429486 20.226065082361348
188 2.9567517140616637 20.830972740476486
189 0.8337848338367195 20.119919759642272
190 2.2464693626803642 20.247816920336813
191 1.7383149363475985 20.707153367999094
192 3.242365935774003 19.801833528206057
193 2.2655547096070285 19.797961516820457
194 4.049684502423421 20.451347852757866
195 4.8724278159744205 20.433461985503687
196 2.6516891947852166 20.93142461289758
197 2.3825662979605355 19.909131266538317
198 4.061532727381808 20.02220003270621
199 0.9066444264590371 20.46137362126944
