0 1.294627054437731 1.7574225458941966
1 1.2406123746907873 1.7050543412186552
2 1.2462522271295344 1.6543060363500308
3 1.158759505114332 1.6516977617083903
4 1.0374009004442466 1.6340421174873432
5 1.0442743713440912 1.6000665033422723
6 0.9874268227756575 1.560783111576283
7 0.9632428322051816 1.4966915096790225
8 0.9541690987125879 1.3145980119754417
9 0.96991961845388 1.1696732669054322
10 0.9469844091905832 1.0509087370154948
11 0.9506104796896061 1.0081711178280333
12 0.94709460309657 0.9776334671203938
13 0.9454801172698711 0.957308383382416
14 0.9448211376380476 0.9492119253449992
15 0.944520432100635 0.9460891504157772
16 0.9443972326180445 0.9452227650138914
17 0.9443793900718439 0.9447227802831151
18 0.9443824608533389 0.9445117848141946
19 0.9443617710662782 0.9444164528669793
20 0.9443575136136707 0.9443767209478121
21 0.9443545547258835 0.944362705223422
22 0.9443537615886015 0.9443573104997381
23 0.9443535172998794 0.9443556429774685
24 0.9443534901283281 0.9443542933835052
25 0.9443534487174582 0.9443538728453434
26 0.9443534650660085 0.9443536423218931
27 0.9443534438179972 0.9443535251674787
28 0.9443534417952498 0.9443534725512478
29 0.9443534411756861 0.9443534524156596
30 0.9443534403625194 0.9443534456396757
31 0.9443534402830543 0.9443534419941261
32 0.9443534399973413 0.9443534409691043
33 0.9443534399460153 0.9443534403202004
34 0.944353439925772 0.9443534400890744
35 0.9443534399102169 0.9443534399694206
36 0.9443534399028939 0.9443534399275609
37 0.944353439901509 0.9443534399129887
38 0.9443534399012331 0.9443534399059543
39 0.9443534399009265 0.9443534399032709
40 0.9443534399009108 0.9443534399017721
41 0.9443534399008064 0.9443534399012036
42 0.9443534399007785 0.9443534399009161
43 0.9443534399007796 0.9443534399008465
44 0.9443534399007778 0.9443534399008017
45 0.9443534399007774 0.9443534399007865
46 0.9443534399007769 0.9443534399007814
47 0.9443534399007771 0.9443534399007806
48 0.9443534399007767 0.9443534399007808
49 0.9443534399007767 0.9443534399007791
50 0.9443534399007767 0.9443534399007805
51 0.9443534399007767 0.9443534399007799
52 0.9443534399007767 0.9443534399007797
53 0.9443534399007765 0.9443534399007797
54 0.9443534399007765 0.9443534399007789
55 0.9443534399007765 0.9443534399007791
56 0.9443534399007765 0.9443534399007799
57 0.9443534399007765 0.9443534399007799
58 0.9443534399007767 0.9443534399007791
59 0.9443534399007765 0.9443534399007792
60 0.9443534399007765 0.9443534399007789
61 0.9443534399007767 0.9443534399007799
62 0.9443534399007767 0.9443534399007795
63 0.9443534399007765 0.9443534399007797
64 0.9443534399007765 0.9443534399007792
65 0.9443534399007765 0.9443534399007795
66 0.9443534399007765 0.9443534399007791
67 0.9443534399007765 0.944353439900781
68 0.9443534399007765 0.94435343990078
69 0.9443534399007765 0.9443534399007799
70 0.9443534399007769 0.9443534399007816
71 0.9443534399007769 0.9443534399007799
72 0.9443534399007767 0.9443534399007797
73 0.9443534399007767 0.9443534399007791
74 0.9443534399007765 0.9443534399007792
75 0.9443534399007765 0.9443534399007791
76 0.9443534399007767 0.9443534399007795
77 0.9443534399007765 0.9443534399007792
78 0.9443534399007765 0.94435343990078
79 0.9443534399007765 0.9443534399007789
80 0.9443534399007765 0.9443534399007795
81 0.9443534399007767 0.94435343990078
82 0.9443534399007765 0.9443534399007799
83 0.9443534399007765 0.9443534399007791
84 0.9443534399007765 0.9443534399007795
85 0.9443534399007769 0.9443534399007831
86 0.9443534399007767 0.9443534399007797
87 0.9443534399007765 0.9443534399007789
88 0.9443534399007767 0.9443534399007787
89 0.9443534399007765 0.9443534399007789
90 0.9443534399007765 0.9443534399007797
91 0.9443534399007765 0.9443534399007806
92 0.9443534399007765 0.9443534399007805
93 0.9443534399007765 0.94435343990078
94 0.9443534399007769 0.9443534399007795
95 0.9443534399007767 0.9443534399007802
96 0.9443534399007765 0.9443534399007802
97 0.9443534399007765 0.9443534399007795
98 0.9443534399007765 0.9443534399007789
99 0.9443534399007765 0.9443534399007802
100 0.9443534399007767 0.9443534399007799
101 0.9443534399007765 0.9443534399007792
102 0.9443534399007765 0.9443534399007791
103 0.9443534399007767 0.9443534399007802
104 0.9443534399007767 0.9443534399007795
105 0.9443534399007765 0.9443534399007799
106 0.9443534399007765 0.9443534399007795
107 0.9443534399007765 0.9443534399007805
108 0.9443534399007765 0.9443534399007795
109 0.9443534399007765 0.9443534399007795
110 0.9443534399007765 0.9443534399007792
111 0.9443534399007765 0.9443534399007799
112 0.9443534399007767 0.9443534399007802
113 0.9443534399007765 0.9443534399007792
114 0.9443534399007765 0.9443534399007795
115 0.9443534399007765 0.9443534399007802
116 0.9443534399007765 0.9443534399007797
117 0.9443534399007765 0.9443534399007797
118 0.9443534399007765 0.9443534399007792
119 0.9443534399007765 0.9443534399007792
120 0.9443534399007765 0.9443534399007795
121 0.9443534399007769 0.9443534399007805
122 0.9443534399007767 0.9443534399007797
123 0.9443534399007767 0.9443534399007799
124 0.9443534399007769 0.94435343990078
125 0.9443534399007765 0.9443534399007791
126 0.9443534399007765 0.9443534399007802
127 0.9443534399007767 0.9443534399007799
128 0.9443534399007769 0.9443534399007802
129 0.9443534399007767 0.9443534399007792
130 0.9443534399007765 0.9443534399007805
131 0.9443534399007767 0.9443534399007799
132 0.9443534399007767 0.9443534399007797
133 0.9443534399007765 0.9443534399007802
134 0.9443534399007765 0.9443534399007797
135 0.9443534399007765 0.94435343990078
136 0.9443534399007765 0.9443534399007799
137 0.9443534399007765 0.9443534399007795
138 0.9443534399007765 0.9443534399007791
139 0.9443534399007765 0.9443534399007795
140 0.9443534399007765 0.9443534399007789
141 0.9443534399007769 0.9443534399007831
142 0.9443534399007765 0.9443534399007795
143 0.9443534399007767 0.9443534399007795
144 0.9443534399007765 0.9443534399007797
145 0.9443534399007765 0.9443534399007805
146 0.9443534399007767 0.9443534399007797
147 0.9443534399007769 0.9443534399007795
148 0.9443534399007765 0.9443534399007799
149 0.9443534399007765 0.9443534399007792
150 0.9443534399007765 0.9443534399007799
151 0.9443534399007765 0.9443534399007799
152 0.9443534399007765 0.9443534399007791
153 0.9443534399007765 0.9443534399007797
154 0.9443534399007765 0.9443534399007795
155 0.9443534399007765 0.9443534399007802
156 0.9443534399007767 0.9443534399007792
157 0.9443534399007765 0.9443534399007806
158 0.9443534399007767 0.9443534399007795
159 0.9443534399007765 0.9443534399007797
160 0.9443534399007767 0.94435343990078
161 0.9443534399007765 0.9443534399007795
162 0.9443534399007767 0.9443534399007789
163 0.9443534399007767 0.9443534399007791
164 0.9443534399007767 0.9443534399007806
165 0.9443534399007767 0.9443534399007792
166 0.9443534399007765 0.9443534399007797
167 0.9443534399007765 0.9443534399007789
168 0.9443534399007765 0.9443534399007791
169 0.9443534399007765 0.9443534399007805
170 0.9443534399007767 0.9443534399007805
171 0.9443534399007765 0.9443534399007795
172 0.9443534399007765 0.9443534399007795
173 0.9443534399007765 0.94435343990078
174 0.9443534399007767 0.9443534399007791
175 0.9443534399007765 0.9443534399007799
176 0.9443534399007769 0.9443534399007797
177 0.9443534399007769 0.9443534399007797
178 0.9443534399007765 0.94435343990078
179 0.9443534399007765 0.94435343990078
180 0.9443534399007765 0.9443534399007791
181 0.9443534399007765 0.9443534399007792
182 0.9443534399007765 0.9443534399007795
183 0.9443534399007767 0.9443534399007808
184 0.9443534399007765 0.9443534399007802
185 0.9443534399007767 0.9443534399007806
186 0.9443534399007765 0.9443534399007799
187 0.9443534399007765 0.9443534399007792
188 0.9443534399007765 0.9443534399007799
189 0.9443534399007765 0.9443534399007799
190 0.9443534399007767 0.94435343990078
191 0.9443534399007767 0.9443534399007797
192 0.9443534399007765 0.9443534399007802
193 0.9443534399007765 0.9443534399007797
194 0.9443534399007767 0.9443534399007795
195 0.9443534399007765 0.94435343990078
196 0.9443534399007765 0.9443534399007797
197 0.9443534399007765 0.9443534399007786
198 0.9443534399007765 0.9443534399007792
199 0.9443534399007765 0.9443534399007808
