0 1.7115050088059542
1 1.5640278080531171
2 1.5842475317362572
3 1.444982436639373
4 1.1918566636798986
5 1.2240363548616608
6 1.1953814426806184
7 1.1494719278714653
8 1.0894155430228727
9 0.9799057750568495
10 0.9632084642481713
11 0.9784098289955504
12 0.9597502151156718
13 0.9600442768914332
14 0.9582224317361017
15 0.9560061420189163
16 0.9494102547184152
17 0.9492623298043875
18 0.9462291578620484
19 0.9462291578620484
20 0.9456148270224243
21 0.9455192159307815
22 0.9446159993024444
23 0.944536667696151
24 0.9445251831263415
25 0.9444143285524691
26 0.9444143285524691
27 0.9444143285524691
28 0.9444143285524691
29 0.9444143285524691
30 0.9444122252952719
31 0.9444122252952719
32 0.9444127841439988
33 0.9444127841439988
34 0.9444127447712535
35 0.9444126076212294
36 0.944412613956927
37 0.9444125486903819
38 0.9444124562002231
39 0.9444124472737103
40 0.9444124472737103
41 0.9444124482658763
42 0.9444124476068649
43 0.9444124479465993
44 0.9444124482460524
45 0.9444124482460524
46 0.9444124472363363
47 0.9444124471808086
48 0.9444124473338386
49 0.9444124473320776
50 0.944412447323258
51 0.9444124472836581
52 0.9444124472461634
53 0.9444124472477469
54 0.9444124472451474
55 0.9444124472320385
56 0.9444124472320385
57 0.9444124472320385
58 0.9444124472320385
59 0.9444124472320385
60 0.944412447230957
61 0.944412447231547
62 0.944412447231547
63 0.9444124472315365
64 0.9444124472315059
65 0.9444124472313918
66 0.9444124472313192
67 0.9444124472313017
68 0.9444124472313047
69 0.9444124472312924
70 0.9444124472312618
71 0.9444124472312618
72 0.9444124472312819
73 0.944412447231281
74 0.944412447231281
75 0.9444124472312801
76 0.9444124472312799
77 0.9444124472312799
78 0.9444124472312797
79 0.9444124472312795
80 0.9444124472312795
81 0.9444124472312795
82 0.9444124472312795
83 0.9444124472312795
84 0.944412447231279
85 0.9444124472312788
86 0.9444124472312788
87 0.9444124472312788
88 0.9444124472312786
89 0.9444124472312786
90 0.9444124472312784
91 0.9444124472312784
92 0.9444124472312782
93 0.9444124472312782
94 0.9444124472312777
95 0.9444124472312775
96 0.9444124472312775
97 0.9444124472312775
98 0.9444124472312775
99 0.9444124472312773
100 0.944412447231277
101 0.944412447231277
102 0.944412447231277
103 0.9444124472312768
104 0.9444124472312768
105 0.9444124472312768
106 0.9444124472312768
107 0.9444124472312766
108 0.9444124472312764
109 0.9444124472312764
110 0.9444124472312764
111 0.9444124472312762
112 0.9444124472312762
113 0.9444124472312762
114 0.9444124472312762
115 0.9444124472312759
116 0.9444124472312759
117 0.9444124472312759
118 0.9444124472312759
119 0.9444124472312759
120 0.9444124472312757
121 0.9444124472312755
122 0.9444124472312755
123 0.9444124472312755
124 0.9444124472312753
125 0.944412447231275
126 0.9444124472312748
127 0.9444124472312748
128 0.9444124472312748
129 0.9444124472312746
130 0.9444124472312746
131 0.9444124472312746
132 0.9444124472312746
133 0.9444124472312746
134 0.9444124472312746
135 0.9444124472312746
136 0.9444124472312746
137 0.9444124472312746
138 0.9444124472312746
139 0.9444124472312746
140 0.9444124472312746
141 0.9444124472312746
142 0.9444124472312746
143 0.9444124472312746
144 0.9444124472312746
145 0.9444124472312746
146 0.9444124472312746
147 0.9444124472312744
148 0.9444124472312744
149 0.9444124472312744
150 0.9444124472312744
151 0.9444124472312744
152 0.9444124472312742
153 0.9444124472312739
154 0.9444124472312739
155 0.9444124472312737
156 0.9444124472312737
157 0.9444124472312735
158 0.9444124472312735
159 0.9444124472312735
160 0.9444124472312735
161 0.9444124472312735
162 0.9444124472312733
163 0.9444124472312733
164 0.944412447231273
165 0.944412447231273
166 0.9444124472312728
167 0.9444124472312728
168 0.9444124472312728
169 0.9444124472312726
170 0.9444124472312724
171 0.9444124472312724
172 0.9444124472312724
173 0.9444124472312722
174 0.9444124472312722
175 0.9444124472312719
176 0.9444124472312719
177 0.9444124472312719
178 0.9444124472312717
179 0.9444124472312717
180 0.9444124472312717
181 0.9444124472312715
182 0.9444124472312715
183 0.9444124472312715
184 0.9444124472312715
185 0.9444124472312713
186 0.944412447231271
187 0.944412447231271
188 0.9444124472312708
189 0.9444124472312708
190 0.9444124472312706
191 0.9444124472312704
192 0.9444124472312706
193 0.9444124472312706
194 0.9444124472312704
195 0.9444124472312704
196 0.9444124472312702
197 0.9444124472312702
198 0.9444124472312702
199 0.9444124472312702
200 0.9444124472312699
