0 1.1178315767012506 1.6413451403513606
1 1.1178315767012506 1.5684046650346684
2 1.1156811564023785 1.5040109962082469
3 0.9818066306101756 1.3945327979406894
4 0.9800583660419918 1.326102454955727
5 0.9705467404700415 1.2017191757141086
6 0.9037939207954405 1.1142003874889777
7 0.9010698336921733 1.1022091204768447
8 0.9010698336921733 1.014355515494038
9 0.9010698336921733 0.9648540123832068
10 0.9010698336921733 0.9335521691941341
11 0.8988815059201838 0.9165611617673868
12 0.897268366423471 0.9074255960572761
13 0.8950052000630222 0.9026452545368653
14 0.8950052000630222 0.9001903445228624
15 0.8951103985222151 0.8987585701667399
16 0.8948627439299366 0.8972406073046166
17 0.8947161797011098 0.8961359604124374
18 0.8946403511288696 0.8954711441631332
19 0.894636889773844 0.8951449003808043
20 0.8946244354629849 0.8949452664725358
21 0.8946119292499315 0.897639823806101
22 0.894591542032114 0.8946905104474948
23 0.894591542032114 0.8946525454496094
24 0.8945803481798095 0.8968476461107573
25 0.8945803481798095 0.8946083525818513
26 0.8945756409047825 0.894595603806734
27 0.89457397247027 0.8945875844603108
28 0.89457397247027 0.8945821109245119
29 0.8945739422223694 0.8945789654923457
30 0.8945737690800724 0.8945766912525737
31 0.8945736306380809 0.894575247102202
32 0.8945736306380809 0.894574468021194
33 0.8945736047046114 0.894574056277598
34 0.894573553969118 0.8945738086148333
35 0.8945735590592102 0.8945736866644668
36 0.8945735138762424 0.8945736214872917
37 0.8945735172423002 0.894573585882939
38 0.8945735051835697 0.8945735568299221
39 0.8945735030146402 0.8945735347369125
40 0.8945735030146402 0.8945735248263543
41 0.8945735030146402 0.8945735169458313
42 0.8945735027369864 0.89457351007754
43 0.8945735018801495 0.8945735061645986
44 0.8945735018801495 0.8945735039551062
45 0.8945735018801495 0.8982722453545569
46 0.894573501860795 0.8947551212763515
47 0.8945735018072887 0.8945735021288601
48 0.8945735017851798 0.8945735019774319
49 0.8945735017792058 0.8945735018762264
50 0.8945735017787336 0.8945735018321265
51 0.8945735017751181 0.8945735018073022
52 0.89457350177417 0.8945735017916614
53 0.8945735017726456 0.8971969564499879
54 0.8945735017726456 0.8945735017796069
55 0.894573501771915 0.8951987248869762
56 0.8945735017716284 0.8980483780217718
57 0.8945735017716192 0.8945735017731138
58 0.8945735017715079 0.8945735017724388
59 0.8945735017715216 0.8945735017721126
60 0.8945735017713908 0.8987931928154116
61 0.8945735017712917 0.8945735017717029
62 0.8945735017712917 0.8945735017715574
63 0.8945735017712917 0.894573501771467
64 0.8945735017713056 0.8945735017714069
65 0.8945735017712997 0.8945735017713622
66 0.8945735017712959 0.8945735017713361
67 0.8945735017712908 0.894573501771322
68 0.8945735017712895 0.8945735017713122
69 0.8945735017712877 0.8945735017713032
70 0.8945735017712877 0.8945735017712967
71 0.8945735017712877 0.8945735017712919
72 0.8945735017712877 0.8945735017712906
73 0.8945735017712877 0.8945735017712896
74 0.8945735017712877 0.8945735017712892
75 0.8945735017712877 0.8945735017712892
76 0.8945735017712877 0.894573501771289
77 0.8945735017712877 0.894573501771289
78 0.8945735017712877 0.894573501771289
79 0.8945735017712877 0.894573501771289
80 0.8945735017712877 0.894573501771289
81 0.8945735017712877 0.894573501771289
82 0.8945735017712877 0.894573501771289
83 0.8945735017712877 0.894573501771289
84 0.8945735017712877 0.894573501771289
85 0.8945735017712877 0.894573501771289
86 0.8945735017712877 0.894573501771289
87 0.8945735017712877 0.894573501771289
88 0.8945735017712877 0.894573501771289
89 0.8945735017712877 0.8974873626247117
90 0.8945735017712877 0.894573501771289
91 0.8945735017712877 0.894573501771289
92 0.8945735017712877 0.894573501771289
93 0.8945735017712877 0.894573501771289
94 0.8945735017712877 0.894573501771289
95 0.8945735017712877 0.894573501771289
96 0.8945735017712877 0.894573501771289
97 0.8945735017712877 0.894573501771289
98 0.8945735017712877 0.894573501771289
99 0.8945735017712877 0.894573501771289
100 0.8945735017712877 0.897532085517199
101 0.8945735017712877 0.8960789563710747
102 0.8945735017712877 0.894573501771289
103 0.8945735017712877 0.894573501771289
104 0.8945735017712877 0.8952220149487181
105 0.8945735017712877 0.894573501771289
106 0.8945735017712877 0.894573501771289
107 0.8945735017712877 0.894573501771289
108 0.8945735017712877 0.894573501771289
109 0.8945735017712877 0.894573501771289
110 0.8945735017712877 0.894573501771289
111 0.8945735017712877 0.894573501771289
112 0.8945735017712877 0.894573501771289
113 0.8945735017712877 0.894573501771289
114 0.8945735017712877 0.894573501771289
115 0.8945735017712877 0.894573501771289
116 0.8945735017712877 0.894573501771289
117 0.8945735017712877 0.894573501771289
118 0.8945735017712877 0.894573501771289
119 0.8945735017712877 0.894573501771289
120 0.8945735017712877 0.894573501771289
121 0.8945735017712877 0.894573501771289
122 0.8945735017712877 0.894573501771289
123 0.8945735017712877 0.894573501771289
124 0.8945735017712877 0.894573501771289
125 0.8945735017712877 0.894573501771289
126 0.8945735017712877 0.894573501771289
127 0.8945735017712877 0.894573501771289
128 0.8945735017712877 0.894573501771289
129 0.8945735017712877 0.894573501771289
130 0.8945735017712877 0.894573501771289
131 0.8945735017712877 0.894573501771289
132 0.8945735017712877 0.894573501771289
133 0.8945735017712877 0.894573501771289
134 0.8945735017712877 0.894573501771289
135 0.8945735017712877 0.894573501771289
136 0.8945735017712877 0.894573501771289
137 0.8945735017712877 0.894573501771289
138 0.8945735017712877 0.894573501771289
139 0.8945735017712877 0.894573501771289
140 0.8945735017712877 0.8980631035124461
141 0.8945735017712877 0.894573501771289
142 0.8945735017712877 0.894573501771289
143 0.8945735017712877 0.8980962757290155
144 0.8945735017712877 0.894573501771289
145 0.8945735017712877 0.894573501771289
146 0.8945735017712877 0.894573501771289
147 0.8945735017712877 0.894573501771289
148 0.8945735017712877 0.894573501771289
149 0.8945735017712877 0.894573501771289
150 0.8945735017712877 0.894573501771289
151 0.8945735017712877 0.894573501771289
152 0.8945735017712877 0.894573501771289
153 0.8945735017712877 0.894573501771289
154 0.8945735017712877 0.894573501771289
155 0.8945735017712877 0.894573501771289
156 0.8945735017712877 0.894573501771289
157 0.8945735017712877 0.894573501771289
158 0.8945735017712877 0.894573501771289
159 0.8945735017712877 0.894573501771289
160 0.8945735017712877 0.8953392887811243
161 0.8945735017712877 0.894573501771289
162 0.8945735017712877 0.894573501771289
163 0.8945735017712877 0.894573501771289
164 0.8945735017712877 0.894573501771289
165 0.8945735017712877 0.894573501771289
166 0.8945735017712877 0.894573501771289
167 0.8945735017712877 0.8963213645275278
168 0.8945735017712877 0.894573501771289
169 0.8945735017712877 0.894573501771289
170 0.8945735017712877 0.894573501771289
171 0.8945735017712877 0.894573501771289
172 0.8945735017712877 0.894573501771289
173 0.8945735017712877 0.8968433116794533
174 0.8945735017712877 0.894573501771289
175 0.8945735017712877 0.894573501771289
176 0.8945735017712877 0.894573501771289
177 0.8945735017712877 0.894573501771289
178 0.8945735017712877 0.894573501771289
179 0.8945735017712877 0.894573501771289
180 0.8945735017712877 0.8990587296451044
181 0.8945735017712877 0.894573501771289
182 0.8945735017712877 0.894573501771289
183 0.8945735017712877 0.894573501771289
184 0.8945735017712877 0.894573501771289
185 0.8945735017712877 0.894573501771289
186 0.8945735017712877 0.894573501771289
187 0.8945735017712877 0.894573501771289
188 0.8945735017712877 0.894573501771289
189 0.8945735017712877 0.894573501771289
190 0.8945735017712877 0.894573501771289
191 0.8945735017712877 0.894573501771289
192 0.8945735017712877 0.8951576661866453
193 0.8945735017712877 0.894573501771289
194 0.8945735017712877 0.894573501771289
195 0.8945735017712877 0.894573501771289
196 0.8945735017712877 0.894573501771289
197 0.8945735017712877 0.894573501771289
198 0.8945735017712877 0.8978292979961613
199 0.8945735017712877 0.894573501771289
