0 1.3645955710596764 1.7026864283104741
1 1.1284072654591588 1.624738891451201
2 1.1059456770884313 1.612934338319484
3 1.0039627530801836 1.6007673314942097
4 1.0551101188183907 1.5844544310296356
5 1.0323193688817827 1.591143608571431
6 1.009740855749664 1.567915269432496
7 1.0002345893495597 1.6003526887690174
8 1.1035545119908756 1.580853826215199
9 1.0002345893495597 1.577517709457575
10 1.0257463337704888 1.572049033676104
11 1.0464510180203732 1.571523638748151
12 1.0027840688799385 1.5891630618601578
13 1.0464510180203732 1.578570590563749
14 1.0104075092276408 1.5727108189155798
15 1.0154764878883347 1.5969528639530863
16 1.0182435466907718 1.5805070984299345
17 0.9636828037348477 1.570758985347223
18 1.036986548233868 1.5729031080636378
19 0.9662436086049605 1.5814419686704835
20 1.0443166245025186 1.5728691945784923
21 1.1441156350674935 1.6012917953341188
22 1.0901075519174328 1.5809332753554064
23 0.9718702116267007 1.5724338096658064
24 0.9767260474066921 1.5746423300793857
25 1.0428580852800104 1.5894218014801431
26 1.078760729203048 1.5569878935012766
27 1.0869714342619965 1.5754067273386034
28 1.07560796381214 1.5617777249741678
29 1.1358578468116463 1.5799551077433263
30 1.1393314126568155 1.5719573540292242
31 1.135409289275882 1.5684367505967234
32 0.986142166159606 1.5870103891197707
33 0.9984061730302272 1.5408563926536625
34 0.9978020987117778 1.5810800180137963
35 1.025960684433863 1.5458790695078946
36 0.9954614895645726 1.582259830717799
37 1.0516601017116332 1.5639870870303838
38 1.0700886605916295 1.5763148284162705
39 1.1207225208618339 1.580471318074559
40 1.0362143596690632 1.5635253996859406
41 1.0465866963781016 1.5618411055876535
42 1.0946669279500794 1.573036575230709
43 1.0832188647575824 1.5519177711078278
44 1.0222527773870547 1.576215409242392
45 1.03995640798537 1.566277994740596
46 1.0383727772750913 1.56600531352611
47 1.0084153115765533 1.5773762699625478
48 1.0535637996100076 1.5687355874992412
49 1.0947711001007088 1.5805997763351598
50 1.0000032285858722 1.564042810013651
51 1.0103134263403177 1.5644220387614485
52 1.0091921168689684 1.567274574738231
53 1.012691866429675 1.5557133253474649
54 1.045407317315334 1.5634640007918206
55 1.0370677162154252 1.5639731764232232
56 1.020499529874863 1.572306259538779
57 1.0247418497705962 1.5691430556789991
58 1.0360501383011098 1.5619765481215955
59 1.0464929120315634 1.5727874082510238
60 1.0738148041973816 1.5647877214903856
61 1.1406585832210623 1.589915490861701
62 0.9983400114083173 1.5646030838664509
63 1.081850885250535 1.5672957505108225
64 1.0629806300998572 1.578619780149156
65 1.067649963513181 1.5674777530417412
66 1.0565883369526436 1.5806102140434832
67 0.9994576855003193 1.585687684410264
68 1.0325749769317065 1.5610616416101988
69 1.175793533840673 1.5873742358313279
70 1.07286689287657 1.540818872606985
71 1.1731080413262416 1.602758748097694
72 1.0095055815317084 1.5711490070833989
73 1.1697060805859452 1.5835418188396349
74 1.0344912835295585 1.5581916202547854
75 1.1922814437775227 1.5933771749701813
76 1.0223633450785328 1.565422449674444
77 1.0471192290958777 1.5683400370763634
78 1.1672107822319502 1.5765601139743761
79 0.9626939760654913 1.5879088071854042
80 1.201966244963649 1.568018714438929
81 1.1060658910399963 1.579106748181191
82 1.041459598958586 1.5627894303912502
83 1.060586385765228 1.5716774613342641
84 1.0136341694908415 1.5523917622386527
85 1.0706823682337054 1.5878765442493445
86 1.0921846484359805 1.5661053479165365
87 1.1523783559810723 1.5744390794597503
88 1.049851688128848 1.5863043083660664
89 1.1183550831792004 1.5792102877098821
90 1.0675306826671749 1.5691895418792663
91 1.2265807760690413 1.593230127337995
92 0.9649758591374032 1.5590783828204144
93 1.0729356246129311 1.580066936297662
94 0.9723182113598486 1.5827406001440372
95 1.0361509048659927 1.5562997464105186
96 1.0661452964663085 1.5898285912719508
97 0.9910538671635758 1.5645333060791766
98 1.133103991766414 1.5841379929586512
99 0.9709107016754112 1.576092113751884
100 1.091972996989302 1.5800943919414132
101 0.9913782417152432 1.586334361456066
102 1.0238323609429547 1.5740131123845797
103 0.984139464287456 1.5850182042544452
104 1.1628334524471498 1.5872401746072957
105 1.0923699445376085 1.583349821391679
106 1.0492343483139734 1.5707864735265404
107 1.0128134939435225 1.5901656789262912
108 1.0869492493962438 1.5916681877580932
109 1.1467941057660287 1.5755672014126978
110 1.1132876885835725 1.5805031128952582
111 1.0540857137988031 1.5830444872360019
112 1.2046091420686103 1.5970023778843647
113 1.106863882190372 1.5734134674591043
114 1.140022261837844 1.571168517505929
115 1.0528450949492538 1.5818955883644845
116 1.0795966552589171 1.5823898207318383
117 1.0381687989973996 1.5745477801076964
118 1.056331688290455 1.5729260036167758
119 1.0517033154104471 1.5985429037122876
120 1.118666477079569 1.5805764422423056
121 0.9902536943018995 1.5873718125181633
122 1.1527692242332028 1.5982043192966584
123 1.2033164217378296 1.5946115628805528
124 1.1047324824687963 1.5957504525685935
125 1.0232622965771903 1.5754813997558894
126 1.1535981546279255 1.5838511561014386
127 0.9892217645599418 1.5558332332797709
128 1.2719792483086187 1.6012926136306869
129 0.9862748446952091 1.5572370658861163
130 1.1273369829037108 1.585185044989474
131 1.0781293567306787 1.5742159544523644
132 1.1499769821523231 1.578553876702144
133 1.0199126107684005 1.5944479245699452
134 1.1747571517541617 1.5753061779755457
135 1.0754405663070696 1.5936461940014186
136 1.1372881855449182 1.5827266428376832
137 1.1350684862543514 1.581418444580181
138 1.0646599632619687 1.5793834764458625
139 0.9983545158955611 1.5655038463159234
140 1.0832866396612517 1.5817482282879451
141 1.00805025322039 1.5633366868468477
142 1.086811045501221 1.5787964568789674
143 1.0288948340309596 1.580969606691725
144 0.9771578188620628 1.589172421770605
145 1.0085547672376114 1.5718520144594739
146 1.0211710142132084 1.5854573167495192
147 1.1310980343615422 1.58106160116316
148 1.0844638751710454 1.5763550024548783
149 1.0990543670299693 1.5934015879270607
150 1.0516519859091078 1.5810793540023962
151 1.168790879458014 1.5795747683492163
152 1.1287816266685597 1.5687192503141325
153 0.9910994358962623 1.5958019417095397
154 1.0282003647037707 1.565319501796747
155 1.1967429886355414 1.592529788697968
156 1.2166166178863036 1.5900203603980525
157 0.9989476027555094 1.5701102560385964
158 1.1059138258380785 1.6009290584504197
159 1.0138581183915094 1.5535091671404717
160 1.0370198299571065 1.5927866387691156
161 1.014027186209689 1.5554003440398612
162 1.0216508894737615 1.5836803630729774
163 1.0116252462718867 1.5558690577689422
164 1.1065655277525497 1.5817198409100337
165 0.9808475091436123 1.5924173211922243
166 1.1600386770074036 1.5776738885511548
167 0.9795074038577564 1.57277622218324
168 1.054711024616847 1.5843149932074716
169 1.0220958393575739 1.567488915969729
170 1.0904963974891144 1.5727321746316723
171 1.0679340314315333 1.580866287010495
172 1.0775937202704258 1.5829052453654415
173 0.988704794545924 1.5664259630577901
174 1.211349060200877 1.6017940396097579
175 1.1613817261322747 1.5813382754602898
176 1.1768529780702224 1.5819281216477539
177 1.008854514096412 1.5898478869241566
178 1.1555015685331607 1.5966748944883482
179 0.9855347136583459 1.5924373831318823
180 0.9901747301325244 1.5786534605791582
181 1.1271650158761186 1.5715700153868628
182 1.0786820341343626 1.5741428115788023
183 1.0318045030758682 1.6024858553868229
184 1.0625442243127532 1.5785345731216245
185 1.0470643996645261 1.6108445505656246
186 1.1392544231421888 1.5628100280421682
187 1.0283554648783606 1.5927613079623775
188 1.0335703312711098 1.5687189280548794
189 1.2359853108071785 1.5912180244376462
190 1.0396182112147887 1.5638914481811501
191 1.2076979613601924 1.593098923991716
192 1.0406160638609439 1.5823003550547938
193 1.17385803299267 1.5731730799945598
194 1.1324349582924578 1.58738201183031
195 1.0393239527555687 1.5709538433975099
196 1.1346480849553922 1.573708021250172
197 1.0311787891478832 1.5878113364891462
198 0.980907449946884 1.5674694280603856
199 1.014856918525215 1.5758748794074648
