0 12.10674852048618 3810.9987651489914
1 5.875229229753675 4872.054759585307
2 3.519708950302679 1966.5921884445052
3 2.4842289357098557 401.91471893339184
4 0.11963300731233996 239.35559183366038
5 0.4947747990912539 390.10520977525533
6 1.532526815555444 139.72917049655626
7 0.05307161487414992 117.04463025524791
8 0.6385316468439746 86.50983195522782
9 0.21690973175517492 32.95261649412653
10 1.1506144197994044 26.632661818519626
11 0.005983392379603332 28.426370189671026
12 0.3037477977587972 10.193609741369091
13 0.005666157625893926 6.498879752400012
14 0.0162021303067876 3.626633457840585
15 0.009174398873543268 1.7089625973305989
16 0.001600408525685491 0.7800132235358509
17 0.0024023082161001084 0.35922849968083104
18 0.001709023248872212 0.12782003586854382
19 0.00047322167505924495 0.058039272874887554
20 0.00029981605279525976 0.027521815936696368
21 0.00011230667273016398 0.012127853302913187
22 6.81287903084849e-05 0.007034872392961026
23 2.081136529257508e-06 0.0029553086389847256
24 2.701845138200526e-06 0.0012269551281606371
25 8.159101375488747e-07 0.0005162950583858798
26 1.2601955883165837e-07 0.0001889126168837013
27 1.7055933311464334e-07 0.00010136774683472771
28 2.217450681049404e-07 3.951593224854193e-05
29 2.088523268641216e-08 1.9163980816604942e-05
30 8.9042313573183e-08 7.175776975475464e-06
31 7.171416774781417e-09 3.3264683902751004e-06
32 9.937291859355907e-09 1.6899770894388e-06
33 2.9149821478602038e-09 7.931799893777401e-07
34 8.472665665411943e-10 3.904208308459886e-07
35 5.113105548718558e-10 1.7413769778617168e-07
36 7.307197448845482e-11 8.884900369639165e-08
37 7.115803831099784e-10 3.960654430660072e-08
38 2.904884337353583e-11 1.7503983273893385e-08
39 1.256724284005478e-11 6.665904044593901e-09
40 3.104718381775132e-11 2.7965301830541577e-09
41 1.6620845246851945e-12 1.1775917749397517e-09
42 1.8240854733533023e-12 5.150969717938799e-10
43 1.2471184722197373e-13 2.2973904513338772e-10
44 9.299312769246166e-13 8.701546293076167e-11
45 4.315067619705429e-14 3.709050568060417e-11
46 2.0774730619634618e-13 2.119383777986426e-11
47 5.185672689704902e-14 8.99163080709107e-12
48 5.091313782132973e-15 3.5701880468246667e-12
49 1.022503960020869e-14 1.2555746807358395e-12
50 7.972714829016248e-15 6.507561697970609e-13
51 1.3580216247069812e-15 3.001816764550683e-13
52 1.2077676892468886e-16 7.20731190624935e-14
53 1.1178818869663222e-15 7.218300782825261e-14
54 3.046858464212944e-17 1.605070335644368e-14
55 1.6961538671341203e-16 2.8129401338654014e-14
56 2.5038095664924207e-17 4.7047567724057435e-15
57 9.089720860054544e-17 6.553198741921421e-15
58 nan nan
0 12.10674852048618 3810.9987651489914
1 5.875229229753675 4872.054759585307
2 3.519708950302679 1966.5921884445052
3 2.4842289357098557 401.91471893339184
4 0.11963300731233996 239.35559183366038
5 0.4947747990912539 390.10520977525533
6 1.532526815555444 139.72917049655626
7 0.05307161487414992 117.04463025524791
8 0.6385316468439746 86.50983195522782
9 0.21690973175517492 32.95261649412653
10 1.1506144197994044 26.632661818519626
11 0.005983392379603332 28.426370189671026
12 0.3037477977587972 10.193609741369091
13 0.005666157625893926 6.498879752400012
14 0.0162021303067876 3.626633457840585
15 0.009174398873543268 1.7089625973305989
16 0.001600408525685491 0.7800132235358509
17 0.0024023082161001084 0.35922849968083104
18 0.001709023248872212 0.12782003586854382
19 0.00047322167505924495 0.058039272874887554
20 0.00029981605279525976 0.027521815936696368
21 0.00011230667273016398 0.012127853302913187
22 6.81287903084849e-05 0.007034872392961026
23 2.081136529257508e-06 0.0029553086389847256
24 2.701845138200526e-06 0.0012269551281606371
25 8.159101375488747e-07 0.0005162950583858798
26 1.2601955883165837e-07 0.0001889126168837013
27 1.7055933311464334e-07 0.00010136774683472771
28 2.217450681049404e-07 3.951593224854193e-05
29 2.088523268641216e-08 1.9163980816604942e-05
30 8.9042313573183e-08 7.175776975475464e-06
31 7.171416774781417e-09 3.3264683902751004e-06
32 9.937291859355907e-09 1.6899770894388e-06
33 2.9149821478602038e-09 7.931799893777401e-07
34 8.472665665411943e-10 3.904208308459886e-07
35 5.113105548718558e-10 1.7413769778617168e-07
36 7.307197448845482e-11 8.884900369639165e-08
37 7.115803831099784e-10 3.960654430660072e-08
38 2.904884337353583e-11 1.7503983273893385e-08
39 1.256724284005478e-11 6.665904044593901e-09
40 3.104718381775132e-11 2.7965301830541577e-09
41 1.6620845246851945e-12 1.1775917749397517e-09
42 1.8240854733533023e-12 5.150969717938799e-10
43 1.2471184722197373e-13 2.2973904513338772e-10
44 9.299312769246166e-13 8.701546293076167e-11
45 4.315067619705429e-14 3.709050568060417e-11
46 2.0774730619634618e-13 2.119383777986426e-11
47 5.185672689704902e-14 8.99163080709107e-12
48 5.091313782132973e-15 3.5701880468246667e-12
49 1.022503960020869e-14 1.2555746807358395e-12
50 7.972714829016248e-15 6.507561697970609e-13
51 1.3580216247069812e-15 3.001816764550683e-13
52 1.2077676892468886e-16 7.20731190624935e-14
53 1.1178818869663222e-15 7.218300782825261e-14
54 3.046858464212944e-17 1.605070335644368e-14
55 1.6961538671341203e-16 2.8129401338654014e-14
56 2.5038095664924207e-17 4.7047567724057435e-15
57 9.089720860054544e-17 6.553198741921421e-15
58 nan nan
0 7.077427861048541 4063.059737703261
1 5.404830201328405 11711.71447103079
2 3.8773303504987093 1189.6315454464354
3 1.7093583476574565 171.25334148709814
4 2.1613343977596173 321.1310710976033
5 0.4952927201518988 371.8224995333099
6 0.9156546517868013 132.41357809852622
7 0.1950194772650018 88.58657999181973
8 0.515824474552731 33.348174042707
9 0.10088499745912097 20.07630880131715
10 0.16314313069364939 12.011512095247644
11 0.012489259596993384 2.4888537946714875
12 0.004818732676421159 2.233257269578265
13 0.0027461611362094174 0.25238953198079256
14 0.0004449089979503071 0.050943848118272544
15 8.84470043973542e-05 0.009065821424551675
16 1.6641465116954305e-05 0.003716425771234873
17 1.42848423239947e-06 0.0004809990475500072
18 3.2792297407231368e-06 0.00012357934151414557
19 4.647658828225347e-07 2.106492605067948e-05
20 1.5827798566579263e-08 3.943653163222851e-06
21 7.187985043916935e-09 8.274432956507166e-07
22 1.4619747566139347e-10 1.3949159167755276e-07
23 4.2446062703620387e-11 2.2343287535430056e-08
24 1.663200922399229e-11 2.924340555966537e-09
25 5.252775425824945e-14 5.203419997773508e-10
26 1.1740385315031812e-12 9.282963045525253e-11
27 2.0064775335561803e-14 1.5458259734561982e-11
28 1.654126910379215e-14 2.2035131415303604e-12
29 4.904751486736755e-15 3.5950495854179695e-13
30 2.299755786475491e-17 7.33602086902567e-14
31 1.2272645840128361e-16 1.0029445143111114e-14
32 3.574618316462097e-19 1.7516883240337083e-15
33 1.1290956420699104e-18 3.5392061992564195e-16
34 5.909789067721983e-19 6.734513215997646e-17
35 1.5689197689425827e-19 8.605100131775882e-18
36 7.707698886618187e-21 1.2103069643307279e-18
37 1.0635447746857595e-21 2.3898148028877784e-19
38 6.405524123554291e-23 3.918607406435437e-20
39 7.238162391394e-23 9.26848878569378e-21
40 3.1842136936418196e-23 1.3550949553481541e-21
41 1.4011431854173523e-25 2.135288579344601e-22
42 7.603435834972722e-26 3.2103987949050203e-23
43 8.484356807833026e-26 1.004389803024142e-23
44 2.5811528818831506e-27 1.2987586903180722e-24
45 1.2345673166708835e-27 1.75382222798595e-25
46 1.3647293660323504e-28 1.8334878708545906e-26
47 1.262177448353619e-29 4.2491519343186665e-27
48 1.5777218104420236e-29 1.732159739393492e-27
49 3.1554436208840472e-30 1.4107199568067354e-27
50 0.0 1.0510151612440584e-27
51 7.888609052210118e-31 7.703384511664224e-28
52 3.1554436208840472e-30 8.510389217705319e-28
53 7.888609052210118e-31 6.980314605938645e-28
54 0.0 5.821530526895994e-28
55 3.1554436208840472e-30 5.4856335534528865e-28
56 0.0 6.235366957774936e-28
57 3.1554436208840472e-30 1.211222292949043e-27
58 7.888609052210118e-31 5.983089240285257e-28
59 0.0 4.833929264286301e-28
60 3.1554436208840472e-30 4.85412410345996e-28
61 3.1554436208840472e-30 5.489472676524962e-28
62 7.888609052210118e-31 5.6828487797581395e-28
63 0.0 1.0200339639596785e-27
64 7.888609052210118e-31 7.296174512389138e-28
65 0.0 7.388208284664923e-28
66 0.0 7.027120352981758e-28
67 0.0 5.7064094254607405e-28
68 3.1554436208840472e-30 1.050720653172776e-27
69 1.262177448353619e-29 1.9607663706538395e-27
70 7.888609052210118e-31 9.085468817611437e-28
71 0.0 7.776275259306646e-28
72 7.888609052210118e-31 7.01202681432853e-28
73 3.1554436208840472e-30 1.0274492564687561e-27
74 0.0 9.794759952859157e-28
75 7.888609052210118e-31 1.0902320663789457e-27
76 3.1554436208840472e-30 9.764835829187772e-28
77 0.0 8.74667935418252e-28
78 3.1554436208840472e-30 6.798981779191842e-28
79 0.0 5.53133489522869e-28
80 3.1554436208840472e-30 6.203023660660875e-28
81 3.1554436208840472e-30 5.919664823505487e-28
82 7.888609052210118e-31 5.909094087375526e-28
83 7.888609052210118e-31 4.473630193508358e-28
84 0.0 4.501029962283035e-28
85 0.0 5.5746170635618165e-28
86 3.1554436208840472e-30 1.0391927658111462e-27
87 3.1554436208840472e-30 9.487104199822962e-28
88 0.0 6.535975553391156e-28
89 7.888609052210118e-31 6.929143828553309e-28
90 3.1554436208840472e-30 6.214698802058145e-28
91 0.0 5.351632381019344e-28
92 0.0 5.472222918064129e-28
93 7.888609052210118e-31 7.471617177710291e-28
94 7.888609052210118e-31 6.5097327806108045e-28
95 0.0 6.164685020667134e-28
96 0.0 6.133551310274411e-28
97 7.888609052210118e-31 4.848076169853265e-28
98 7.888609052210118e-31 6.78352010544951e-28
99 3.1554436208840472e-30 5.322602299707211e-28
100 3.1554436208840472e-30 4.746681248168858e-28
101 7.888609052210118e-31 5.577194009185539e-28
102 6.310887241768095e-30 4.201105046118005e-28
103 0.0 4.202630177201433e-28
104 7.888609052210118e-31 8.000837663659561e-28
105 0.0 6.500161268294123e-28
106 0.0 4.9651957189150775e-28
107 7.888609052210118e-31 4.917495929512714e-28
108 0.0 4.315647649556097e-28
109 0.0 5.442929883116923e-28
110 0.0 6.132394314280087e-28
111 0.0 1.101723140231665e-27
112 1.262177448353619e-29 2.5059323650339763e-27
113 0.0 1.224964249917993e-27
114 3.1554436208840472e-30 1.4544807007556957e-27
115 0.0 7.7264192500966785e-28
116 3.1554436208840472e-30 8.316224253566921e-28
117 3.1554436208840472e-30 5.514979179127108e-28
118 0.0 7.428124646469106e-28
119 3.1554436208840472e-30 7.910591976102277e-28
120 0.0 8.893144528918554e-28
121 7.888609052210118e-31 6.739291304030118e-28
122 3.1554436208840472e-30 5.900048482328991e-28
123 3.1554436208840472e-30 6.1692078231904e-28
124 0.0 4.950575496804981e-28
125 0.0 9.734385798246242e-28
126 0.0 8.201260924312713e-28
127 7.888609052210118e-31 6.965063295104372e-28
128 0.0 5.515820630759344e-28
129 7.888609052210118e-31 7.493179375786332e-28
130 7.888609052210118e-31 6.509837962064834e-28
131 0.0 4.798114979189268e-28
132 3.1554436208840472e-30 5.898418169791535e-28
133 0.0 7.892711128917267e-28
134 7.888609052210118e-31 6.433791770801528e-28
135 3.1554436208840472e-30 7.204561465929471e-28
136 6.310887241768095e-30 8.189007284918279e-28
137 6.310887241768095e-30 9.170245069559189e-28
138 3.1554436208840472e-30 9.183655704947946e-28
139 0.0 6.814601225115218e-28
140 7.888609052210118e-31 5.339694285986999e-28
141 6.310887241768095e-30 5.404959378212284e-28
142 3.1554436208840472e-30 5.342323822337736e-28
143 0.0 7.323153555347697e-28
144 7.099748146989106e-30 8.86732248195432e-28
145 3.1554436208840472e-30 5.455919792689562e-28
146 1.262177448353619e-29 1.6634394364033386e-27
147 1.262177448353619e-29 2.0623348417373957e-27
148 7.888609052210118e-31 1.3546214283001186e-27
149 0.0 9.237771563046107e-28
150 3.1554436208840472e-30 9.73769901404817e-28
151 0.0 9.26580242054496e-28
152 0.0 6.356588583543898e-28
153 0.0 5.398280355881414e-28
154 7.888609052210118e-31 5.4653335328252e-28
155 0.0 6.197606815778357e-28
156 3.1554436208840472e-30 4.969402977076257e-28
157 0.0 6.49879390939174e-28
158 0.0 5.685267953200818e-28
159 0.0 5.22594054345413e-28
160 0.0 4.993279167140946e-28
161 0.0 1.892240653353641e-27
162 0.0 1.1386944213230232e-27
163 7.888609052210118e-31 5.909935539007761e-28
164 0.0 6.479545703304347e-28
165 3.1554436208840472e-30 8.668108808022507e-28
166 0.0 5.215422398051183e-28
167 0.0 7.119154125257543e-28
168 3.1554436208840472e-30 6.115933416724475e-28
169 6.310887241768095e-30 6.978473930493129e-28
170 0.0 4.49208953869053e-28
171 0.0 3.4274428610042522e-28
172 7.888609052210118e-31 1.1842695453539918e-27
173 7.888609052210118e-31 5.3205512613536365e-28
174 7.888609052210118e-31 5.5762473760992735e-28
175 3.1554436208840472e-30 9.464700550114685e-28
176 3.1554436208840472e-30 1.0320614632279482e-27
177 7.888609052210118e-31 1.0430266298105204e-27
178 3.1554436208840472e-30 9.375191132735608e-28
179 0.0 1.1556286354217676e-27
180 0.0 7.482976774745474e-28
181 0.0 6.362058019153431e-28
182 3.1554436208840472e-30 7.679613503053565e-28
183 7.888609052210118e-31 5.222416964744142e-28
184 0.0 5.589552830034001e-28
185 0.0 7.446636582378293e-28
186 0.0 6.349699198304968e-28
187 3.1554436208840472e-30 5.5090364269744435e-28
188 3.1554436208840472e-30 6.476495441137492e-28
189 7.888609052210118e-31 5.294098125665225e-28
190 0.0 6.892856226913142e-28
191 3.1554436208840472e-30 5.301250464539229e-28
192 0.0 9.117338798182366e-28
193 3.1554436208840472e-30 6.066761086965698e-28
194 0.0 1.2175752527724229e-27
195 0.0 8.659010612248959e-28
196 3.1554436208840472e-30 4.7033990798357315e-28
197 0.0 5.534174794487486e-28
198 7.888609052210118e-31 5.628364786570875e-28
199 0.0 6.8398973648093045e-28
