0 17.81697449347191
1 5.3398983018499955
2 3.308038401192796
3 2.925677362048394
4 0.09804912780148134
5 0.05719195458391393
6 0.04041303316545866
7 0.011033222334505311
8 0.005520455424769352
9 0.007118678337147261
10 0.006376505819434844
11 0.006973123202915773
12 0.006813393727762875
13 0.006813393727762875
14 0.006809916594939154
15 0.006812708009624073
16 0.006809103855547029
17 0.006809103855547029
18 0.006809103855547029
19 0.00680900868327724
20 0.006808570699167331
21 0.006808570699167331
22 0.006808339503922481
23 0.006808305684116382
24 0.0068082861245555674
25 0.006808142094041672
26 0.006808227695287321
27 0.006808227695287321
28 0.006808210511158312
29 0.006808205031639615
30 0.006808198313962671
31 0.00680819822020401
32 0.006808197976857028
33 0.006808197623355005
34 0.006808197116805489
35 0.00680819701839468
36 0.006808196998203968
37 0.0068081969903592745
38 0.0068081969903592745
39 0.0068081969903592745
40 0.0068081969733993315
41 0.006808196943750288
42 0.006808196936124805
43 0.0068081969360820095
44 0.0068081969360820095
45 0.006808196936095287
46 0.0068081969357127806
47 0.006808196936059661
48 0.006808196936059661
49 0.00680819693599289
50 0.0068081969359894395
51 0.006808196935975751
52 0.006808196935975751
53 0.00680819693596497
54 0.00680819693596497
55 0.00680819693596497
56 0.00680819693596497
57 0.00680819693596497
58 0.006808196935963463
59 0.006808196935963463
60 0.006808196935963463
61 0.006808196935963463
62 0.00680819693596325
63 0.0068081969359627134
64 0.0068081969359627134
65 0.0068081969359627134
66 0.0068081969359627134
67 0.006808196935962612
68 0.006808196935962612
69 0.006808196935962612
70 0.00680819693596239
71 0.006808196935962612
72 0.00680819693596239
73 0.00680819693596239
74 0.006808196935962187
75 0.006808196935962187
76 0.0068081969359621766
77 0.006808196935962076
78 0.006808196935961975
79 0.006808196935961975
80 0.0068081969359617515
81 0.0068081969359617515
82 0.0068081969359615494
83 0.0068081969359615494
84 0.0068081969359615494
85 0.0068081969359615494
86 0.0068081969359615494
87 0.0068081969359615494
88 0.0068081969359615494
89 0.0068081969359615494
90 0.0068081969359615494
91 0.0068081969359615494
92 0.0068081969359615494
93 0.0068081969359615494
94 0.0068081969359615494
95 0.0068081969359615494
96 0.0068081969359615494
97 0.0068081969359615494
98 0.0068081969359615494
99 0.0068081969359615494
100 0.0068081969359615494
101 0.0068081969359615494
102 0.0068081969359615494
103 0.0068081969359615494
104 0.0068081969359615494
105 0.0068081969359615494
106 0.0068081969359615494
107 0.0068081969359615494
108 0.0068081969359615494
109 0.0068081969359615494
110 0.0068081969359615494
111 0.0068081969359615494
112 0.0068081969359615494
113 0.0068081969359615494
114 0.0068081969359615494
115 0.0068081969359615494
116 0.0068081969359615494
117 0.0068081969359615494
118 0.0068081969359615494
119 0.006808196935961539
120 0.006808196935961539
121 0.006808196935961539
122 0.006808196935961539
123 0.006808196935961539
124 0.006808196935961114
125 0.006808196935961114
126 0.0068081969359609015
127 0.0068081969359609015
128 0.0068081969359609015
129 0.006808196935960678
130 0.0068081969359604765
131 0.0068081969359604765
132 0.0068081969359604765
133 0.0068081969359604765
134 0.006808196935960465
135 0.006808196935960465
136 0.006808196935960465
137 0.006808196935960465
138 0.006808196935960465
139 0.006808196935960465
140 0.00680819693596004
141 0.00680819693596004
142 0.00680819693596004
143 0.00680819693596004
144 0.00680819693596004
145 0.00680819693596004
146 0.006808196935959817
147 0.006808196935959717
148 0.006808196935959717
149 0.006808196935959717
150 0.006808196935959717
151 0.006808196935959604
152 0.006808196935959604
153 0.006808196935959403
154 0.006808196935959381
155 0.006808196935959078
156 0.006808196935959078
157 0.006808196935959078
158 0.006808196935959078
159 0.006808196935959078
160 0.006808196935959078
161 0.006808196935959078
162 0.006808196935959078
163 0.006808196935959078
164 0.0068081969359589664
165 0.0068081969359589664
166 0.006808196935958754
167 0.006808196935958643
168 0.006808196935958643
169 0.006808196935958531
170 0.006808196935958106
171 0.0068081969359582075
172 0.006808196935958095
173 0.00680819693595777
174 0.00680819693595777
175 0.00680819693595777
176 0.00680819693595767
177 0.006240753442600066
178 0.006229850458147717
179 0.006229850458147717
180 0.006382081010392812
181 0.006371110739379219
182 0.006371110739379219
183 0.006360307113846091
184 0.006360307113846091
185 0.006346948321154057
186 0.006344854039113909
187 0.006343220420256315
188 0.006347190765255268
189 0.006347190765255268
190 0.006347182351078118
191 0.006347182351078118
192 0.0063471815730072705
193 0.0063471815730072705
194 0.0063471815730072705
195 0.0063471815730072705
196 0.006347181572699371
197 0.006347181572377536
198 0.006347181571991895
199 0.006347181572377536
200 0.006347181572377536
