0 0.5542686858198731 1.0600338588248759
1 0.7277518576637327 1.059926581640822
2 0.6742776843516272 1.0586356596763329
3 0.5542296082032304 1.0483934083507518
4 0.3623437016342601 1.0387334068259062
5 0.5229030743006089 1.0374118195994018
6 0.6096651688269323 1.0456322369513502
7 0.4346585262854846 1.0314377898799678
8 0.4235791985693228 1.0289064069986347
9 0.7970172275204024 1.0313728896250944
10 0.3794049039017713 1.0145160774362378
11 0.6335979590748242 1.0231391898535478
12 0.6732367745354619 1.0130862613148803
13 0.5273131782547927 1.0053850909025817
14 0.29635321185544183 1.0224625692852773
15 0.5027154242950891 1.0135028141052504
16 0.4310096315458315 1.0273769677892957
17 0.42227722555529945 1.0016464197609178
18 0.1591935206201056 0.9988735662674327
19 0.07551522745381312 0.9782321068709519
20 0.19870744004272844 0.9588943198474819
21 0.22635165939191892 0.8203707287511749
22 0.15043833557417208 0.7245014601376187
23 0.08269597648866411 0.5368731283364643
24 0.051629487155820164 0.3680316787182016
25 0.040534814049044576 0.2503480069586109
26 0.021908305858883814 0.1528918402612171
27 0.016197456036570745 0.0809867609231645
28 0.0031703768683893907 0.044911123842583806
29 0.004482632697354716 0.03938400515528647
30 0.0005713017267942044 0.022777713548297315
31 0.000925705800556953 0.011434295504834026
32 0.0007741662644146219 0.007017964906364895
33 0.0004435674636148468 0.004076562799533526
34 0.00046051048110562487 0.0024308724004626315
35 0.0002812993791321272 0.001372717558453199
36 7.410024127252335e-05 0.0008117200960752184
37 8.839511598379701e-05 0.0005128229616544577
38 3.825453399497469e-05 0.00028142057907351543
39 1.56147271465068e-05 0.00015815383081312437
40 6.847273079313432e-06 9.436352311315158e-05
41 9.533556237673046e-06 5.785904395164095e-05
42 1.2219575125094195e-06 3.0781871087890434e-05
43 1.4540173640664733e-06 1.7389963228352883e-05
44 1.0035152727683183e-06 1.0368032848998935e-05
45 1.0765958916580942e-06 6.155496011769716e-06
46 5.941259796360399e-07 4.1422296412078434e-06
47 1.8761004483280885e-07 2.1482738932713613e-06
48 1.9509334170386694e-07 1.6249658771309387e-06
49 1.4207708598501512e-07 9.535475555592458e-07
50 6.173859878888521e-08 4.933953228432782e-07
51 5.4043942987469507e-08 3.0231384172463295e-07
52 4.0809531087759865e-08 1.9594267567960935e-07
53 1.3006660526393432e-08 1.0576339300349957e-07
54 8.56141568750246e-09 5.817284187692451e-08
55 2.2279589284579515e-09 3.2476729588578244e-08
56 3.235937851009396e-09 1.7071158082693218e-08
57 1.5748986559316336e-09 9.45008614102368e-09
58 3.0483626733968094e-10 5.197370292660727e-09
59 2.668911758263448e-10 2.731963798889107e-09
60 2.3388713188410293e-10 1.4519659637575917e-09
61 2.406463917026258e-11 8.899223713498827e-10
62 9.92939064303755e-11 4.562330461569767e-10
63 6.533784624451755e-11 2.753510338256622e-10
64 1.7238988014867118e-11 1.7889328611057447e-10
65 2.0998869310062673e-11 1.1107921323490663e-10
66 9.080070029199305e-12 5.535053452613662e-11
67 2.285838185400735e-12 3.3727533358766475e-11
68 3.3237856911227937e-12 1.7863864461749774e-11
69 9.412470802772077e-13 1.0352465551477508e-11
70 6.443734434924409e-13 5.56585518414939e-12
71 2.816635813474022e-13 3.622436424895644e-12
72 3.568256801145253e-13 2.0681153086362276e-12
73 2.845501612114276e-13 1.2592430801798098e-12
74 1.98507876802978e-13 7.178450426674014e-13
75 2.19824158875781e-14 4.0916751468481986e-13
76 3.68594044175552e-14 1.9846124743594372e-13
77 1.4432899320127035e-14 1.1819582349896032e-13
78 8.548717289613705e-15 5.927110654132169e-14
79 5.218048215738236e-15 3.508452787552111e-14
80 1.2212453270876722e-15 1.8654707408434964e-14
81 1.1102230246251565e-16 9.187465603114712e-15
82 2.220446049250313e-16 4.577819604871062e-15
83 3.3306690738754696e-16 2.449151992323095e-15
84 0.0 1.4654943925052066e-15
85 0.0 8.008408750962795e-16
86 0.0 4.677739677087326e-16
87 0.0 2.102022259956963e-16
88 0.0 1.554312234475219e-16
89 0.0 9.992007221626409e-17
90 0.0 6.439293542825907e-17
91 0.0 4.144832625267251e-17
92 0.0 3.848773152033876e-17
93 0.0 1.4062824978585317e-17
94 0.0 1.1842378929335004e-17
95 0.0 1.4802973661668754e-17
96 0.0 1.7023419710919066e-17
97 0.0 8.141635513917815e-18
98 0.0 2.960594732333751e-18
99 0.0 1.0362081563168128e-17
100 0.0 4.440892098500626e-18
101 0.0 2.220446049250313e-18
102 0.0 1.4802973661668755e-18
103 0.0 0.0
104 0.0 1.4802973661668755e-18
105 0.0 1.4802973661668755e-18
106 0.0 0.0
107 0.0 0.0
108 0.0 1.4802973661668755e-18
109 0.0 7.401486830834377e-19
110 0.0 7.401486830834377e-19
111 0.0 0.0
112 0.0 0.0
113 0.0 0.0
114 0.0 0.0
115 0.0 0.0
116 0.0 0.0
117 0.0 7.401486830834377e-19
118 0.0 0.0
119 0.0 0.0
120 0.0 0.0
121 0.0 0.0
122 0.0 0.0
123 0.0 0.0
124 0.0 0.0
125 0.0 0.0
126 0.0 0.0
127 0.0 1.4802973661668755e-18
128 0.0 0.0
129 0.0 7.401486830834377e-19
130 0.0 0.0
131 0.0 2.220446049250313e-18
132 0.0 2.960594732333751e-18
133 0.0 5.181040781584064e-18
134 0.0 7.401486830834377e-19
135 0.0 0.0
136 0.0 2.960594732333751e-18
137 0.0 2.220446049250313e-18
138 0.0 7.401486830834377e-19
139 0.0 0.0
140 0.0 7.401486830834377e-19
141 0.0 0.0
142 0.0 0.0
143 0.0 7.401486830834377e-19
144 0.0 0.0
145 0.0 0.0
146 0.0 0.0
147 0.0 0.0
148 0.0 0.0
149 0.0 0.0
150 0.0 0.0
151 0.0 1.4802973661668755e-18
152 0.0 0.0
153 0.0 1.4802973661668755e-18
154 0.0 0.0
155 0.0 0.0
156 0.0 7.401486830834377e-19
157 0.0 0.0
158 0.0 0.0
159 0.0 0.0
160 0.0 0.0
161 0.0 0.0
162 0.0 0.0
163 0.0 7.401486830834377e-19
164 0.0 0.0
165 0.0 0.0
166 0.0 0.0
167 0.0 0.0
168 0.0 7.401486830834377e-19
169 0.0 0.0
170 0.0 7.401486830834377e-19
171 0.0 2.220446049250313e-18
172 0.0 0.0
173 0.0 7.401486830834377e-19
174 0.0 0.0
175 0.0 0.0
176 0.0 0.0
177 0.0 0.0
178 0.0 0.0
179 0.0 0.0
180 0.0 0.0
181 0.0 0.0
182 0.0 0.0
183 0.0 0.0
184 0.0 0.0
185 0.0 0.0
186 0.0 0.0
187 0.0 0.0
188 0.0 0.0
189 0.0 0.0
190 0.0 0.0
191 0.0 0.0
192 0.0 0.0
193 0.0 0.0
194 0.0 0.0
195 0.0 0.0
196 0.0 0.0
197 0.0 0.0
198 0.0 0.0
199 0.0 0.0
