0 21.0 10.461538461538462
1 27.0 10.615384615384615
2 33.0 11.307692307692308
3 11.0 9.692307692307692
4 12.0 9.384615384615385
5 36.0 11.923076923076923
6 39.0 14.846153846153847
7 25.0 11.76923076923077
8 36.0 18.23076923076923
9 55.0 22.692307692307693
10 26.0 13.0
11 37.0 19.692307692307693
12 34.0 18.53846153846154
13 86.0 27.76923076923077
14 113.0 32.76923076923077
15 99.0 39.76923076923077
16 77.0 30.384615384615383
17 97.0 37.46153846153846
18 159.0 59.0
19 125.0 52.0
20 258.0 79.46153846153847
21 82.0 46.46153846153846
22 244.0 64.0
23 127.0 68.84615384615384
24 201.0 54.84615384615385
25 206.0 69.0
26 515.0 150.6153846153846
27 175.0 62.30769230769231
28 318.0 115.46153846153847
29 695.0 113.3076923076923
30 2962.0 446.53846153846155
31 1105.0 310.3076923076923
32 895.0 347.0769230769231
33 796.0 354.7692307692308
34 1178.0 387.38461538461536
35 5000.0 661.3076923076923
36 5000.0 566.6923076923077
37 5000.0 1134.0
38 5000.0 1083.4615384615386
39 5000.0 1236.076923076923
40 5000.0 2203.0
41 5000.0 2242.3846153846152
42 5000.0 1303.3846153846155
43 5000.0 2840.4615384615386
44 5000.0 2869.3846153846152
45 5000.0 2989.6923076923076
46 5000.0 2221.4615384615386
47 5000.0 3910.846153846154
48 5000.0 3131.3076923076924
49 5000.0 1914.7692307692307
50 5000.0 1760.3076923076924
51 5000.0 3512.6153846153848
52 5000.0 2706.153846153846
53 5000.0 3524.3846153846152
54 5000.0 2475.4615384615386
55 5000.0 2003.6923076923076
56 5000.0 3175.6153846153848
57 5000.0 2761.230769230769
58 5000.0 3088.6153846153848
59 5000.0 2743.230769230769
60 5000.0 3082.6153846153848
61 5000.0 3513.0
62 5000.0 2383.6923076923076
63 5000.0 3131.230769230769
64 5000.0 3256.769230769231
65 5000.0 2737.076923076923
66 5000.0 2768.6153846153848
67 5000.0 2001.4615384615386
68 5000.0 2373.230769230769
69 5000.0 3117.923076923077
70 5000.0 2329.0
71 5000.0 2360.6153846153848
72 5000.0 3148.0
73 5000.0 4313.7692307692305
74 5000.0 5000.0
75 5000.0 3530.6923076923076
76 5000.0 2775.230769230769
77 5000.0 3202.230769230769
78 5000.0 3204.6153846153848
79 5000.0 4616.2307692307695
80 5000.0 4299.615384615385
81 5000.0 4300.0
82 5000.0 3578.5384615384614
83 5000.0 4637.7692307692305
84 5000.0 4626.2307692307695
85 5000.0 4683.846153846154
86 5000.0 3511.153846153846
87 5000.0 5000.0
88 5000.0 3522.230769230769
89 5000.0 4616.153846153846
90 5000.0 5000.0
91 5000.0 3874.076923076923
92 5000.0 2312.769230769231
93 5000.0 5000.0
94 5000.0 4619.461538461538
95 5000.0 4258.923076923077
96 5000.0 4627.307692307692
97 5000.0 3155.846153846154
98 5000.0 4621.2307692307695
99 5000.0 5000.0
100 5000.0 4618.2307692307695
101 5000.0 5000.0
102 5000.0 4258.615384615385
103 5000.0 4617.615384615385
104 5000.0 4616.307692307692
105 5000.0 5000.0
106 5000.0 5000.0
107 5000.0 5000.0
108 5000.0 5000.0
109 5000.0 4815.846153846154
110 5000.0 5000.0
111 5000.0 5000.0
112 5000.0 4619.615384615385
113 5000.0 2826.3076923076924
114 5000.0 4672.0
115 5000.0 3494.3076923076924
116 5000.0 5000.0
117 5000.0 4632.2307692307695
118 5000.0 4441.615384615385
119 5000.0 2747.0
120 5000.0 3507.769230769231
121 5000.0 2973.846153846154
122 5000.0 3160.076923076923
123 5000.0 4708.538461538462
124 5000.0 4307.2307692307695
125 5000.0 4688.7692307692305
126 5000.0 3550.6923076923076
127 5000.0 2629.3846153846152
128 5000.0 3556.5384615384614
129 5000.0 4236.692307692308
130 5000.0 4616.076923076923
131 5000.0 3096.769230769231
132 5000.0 5000.0
133 5000.0 4621.153846153846
134 5000.0 4624.923076923077
135 5000.0 4312.153846153846
136 5000.0 3105.5384615384614
137 5000.0 4247.846153846154
138 5000.0 3857.3846153846152
139 5000.0 5000.0
140 5000.0 5000.0
141 5000.0 3491.3076923076924
142 5000.0 4626.384615384615
143 5000.0 4620.307692307692
144 5000.0 4627.461538461538
145 5000.0 4633.2307692307695
146 5000.0 4238.307692307692
147 5000.0 4241.2307692307695
148 5000.0 3862.3846153846152
149 5000.0 5000.0
150 5000.0 4565.076923076923
151 5000.0 4621.307692307692
152 5000.0 4621.076923076923
153 5000.0 5000.0
154 5000.0 4621.7692307692305
155 5000.0 5000.0
156 5000.0 4305.307692307692
157 5000.0 5000.0
158 5000.0 5000.0
159 5000.0 4620.615384615385
160 5000.0 4686.307692307692
161 5000.0 4620.076923076923
162 5000.0 4617.538461538462
163 5000.0 5000.0
164 5000.0 4618.0
165 5000.0 3859.3846153846152
166 5000.0 4620.2307692307695
167 5000.0 4240.2307692307695
168 5000.0 4237.307692307692
169 5000.0 4730.7692307692305
170 5000.0 4617.7692307692305
171 5000.0 3714.4615384615386
172 5000.0 4621.076923076923
173 5000.0 4289.2307692307695
174 5000.0 4421.384615384615
175 5000.0 4804.692307692308
176 5000.0 4616.923076923077
177 5000.0 5000.0
178 5000.0 4616.076923076923
179 5000.0 3850.846153846154
180 5000.0 4026.0
181 5000.0 4236.2307692307695
182 5000.0 4616.384615384615
183 5000.0 4616.615384615385
184 5000.0 5000.0
185 5000.0 4854.0
186 5000.0 4429.2307692307695
187 5000.0 4702.923076923077
188 5000.0 4578.846153846154
189 5000.0 5000.0
190 5000.0 5000.0
191 5000.0 4960.307692307692
192 5000.0 5000.0
193 5000.0 4754.615384615385
194 5000.0 5000.0
195 5000.0 4680.461538461538
196 5000.0 5000.0
197 5000.0 5000.0
198 5000.0 5000.0
199 5000.0 4759.846153846154
200 5000.0 3814.846153846154
201 5000.0 5000.0
202 5000.0 4387.615384615385
203 5000.0 4377.692307692308
204 5000.0 4554.615384615385
205 5000.0 4681.076923076923
206 5000.0 4236.153846153846
207 5000.0 4617.538461538462
208 5000.0 4617.615384615385
209 5000.0 4233.923076923077
210 5000.0 4616.692307692308
211 5000.0 5000.0
212 5000.0 4833.2307692307695
213 5000.0 4617.461538461538
214 5000.0 5000.0
215 5000.0 5000.0
216 5000.0 5000.0
217 5000.0 4913.538461538462
218 5000.0 5000.0
219 5000.0 4620.2307692307695
220 5000.0 4619.538461538462
221 5000.0 4616.153846153846
222 5000.0 5000.0
223 5000.0 4712.307692307692
224 5000.0 5000.0
225 5000.0 4773.846153846154
226 5000.0 5000.0
227 5000.0 5000.0
228 5000.0 4707.615384615385
229 5000.0 4432.7692307692305
230 5000.0 5000.0
231 5000.0 4323.461538461538
232 5000.0 5000.0
233 5000.0 4617.153846153846
234 5000.0 4239.2307692307695
235 5000.0 3468.4615384615386
236 5000.0 4233.692307692308
237 5000.0 3465.6923076923076
238 5000.0 2786.0
239 5000.0 2322.076923076923
240 5000.0 3469.5384615384614
241 5000.0 3852.153846153846
242 5000.0 5000.0
243 5000.0 3850.6153846153848
244 5000.0 3850.923076923077
245 5000.0 4235.153846153846
246 5000.0 4234.7692307692305
247 5000.0 3468.153846153846
248 5000.0 3468.846153846154
249 5000.0 5000.0
250 5000.0 4234.538461538462
251 5000.0 3086.3076923076924
252 5000.0 4616.153846153846
253 5000.0 3850.3846153846152
254 5000.0 3465.6923076923076
255 5000.0 3466.5384615384614
256 5000.0 4233.7692307692305
257 5000.0 4616.2307692307695
258 5000.0 3082.6153846153848
259 5000.0 4617.461538461538
260 5000.0 3853.230769230769
261 5000.0 3470.153846153846
262 5000.0 5000.0
263 5000.0 5000.0
264 5000.0 5000.0
265 5000.0 5000.0
266 5000.0 5000.0
267 5000.0 4617.384615384615
268 5000.0 4235.538461538462
269 5000.0 4616.7692307692305
270 5000.0 4617.384615384615
271 5000.0 2318.6153846153848
272 5000.0 2701.6923076923076
273 5000.0 3854.6153846153848
274 5000.0 4233.7692307692305
275 5000.0 4617.307692307692
276 5000.0 5000.0
277 5000.0 3468.6153846153848
278 5000.0 5000.0
279 5000.0 4617.0
280 5000.0 4617.307692307692
281 5000.0 5000.0
282 5000.0 5000.0
283 5000.0 4616.307692307692
284 5000.0 5000.0
285 5000.0 5000.0
286 5000.0 5000.0
287 5000.0 5000.0
288 5000.0 5000.0
289 5000.0 5000.0
290 5000.0 5000.0
291 5000.0 4618.384615384615
292 5000.0 4618.2307692307695
293 5000.0 4408.0
294 5000.0 4735.307692307692
295 5000.0 4285.153846153846
296 5000.0 4363.461538461538
297 5000.0 3738.769230769231
298 5000.0 4617.461538461538
299 5000.0 4115.0
