0 -15.194020304261139 -16.06635262512271
1 -13.639120985070619 -15.939213019270605
2 -13.677644125109518 -15.969755951196554
3 -13.61857627618309 -15.643421228289474
4 -13.66874072234019 -15.87748526372786
5 -13.61802431789927 -15.43580386406154
6 -13.613636314780726 -15.74732721643495
7 -13.59951550405201 -15.220624471423605
8 -13.598853085245295 -15.394948375893959
9 -13.504146446531406 -15.180180039561819
10 -13.630102040571854 -15.033415279042108
11 -13.54707591545248 -15.223124554213335
12 -13.62657229378796 -14.691344421662913
13 -13.584295184768912 -15.158740126898996
14 -13.5447303795483 -14.335823018741902
15 -13.579190283836146 -14.913071409798441
16 -13.53913624040573 -14.337972688298104
17 -13.588614572360463 -19.789316553284568
18 -13.535212247261947 -14.313040601555842
19 -13.588507763656857 -14.196937090157107
20 -13.53681294836514 -14.261441456652728
21 -13.599200712753222 -14.032115213915509
22 -13.550390123355491 -14.04669890157609
23 -13.54255047587157 -13.98174432850813
24 -13.54892621511902 -13.773733800785378
25 -13.625842883810167 -15.166581982036709
26 -14.571994307422983 -16.064455279493057
27 -13.58442068651357 -16.016878241140603
28 -13.63251228383718 -15.958205202662327
29 -13.62779061691812 -15.671218165833311
30 -13.625956440514962 -15.86382879647891
31 -13.62583055537584 -15.816878173861385
32 -13.68113300426881 -15.763172731176727
33 -13.634834404817234 -15.24593568769192
34 -13.67496280995733 -15.458525523787447
35 -13.586401085010595 -15.32515198713442
36 -13.628918604086833 -15.111373087453465
37 -13.541961419698238 -15.244150562149466
38 -13.537377283253365 -14.786020885446625
39 -13.621693672834558 -15.225107147728352
40 -13.548143331755128 -14.348256118187251
41 -12.948988827452766 -14.950485100297763
42 -13.577931300326545 -22.396036583933444
43 -13.572621362416664 -20.298308213185038
44 -13.596476770811584 -14.781049201903711
45 -13.55585059388227 -14.261231750499306
46 -13.583043968593048 -14.27907065657051
47 -13.587615101756905 -13.910219951483533
48 -13.580466738827907 -13.992831526886087
49 -13.57488059214044 -13.79072178846436
50 -13.618618618065469 -14.213073671753085
51 -13.6209693754555 -15.945153236862303
52 -14.597132545491649 -16.245253882886487
53 -14.597825804553885 -16.01817816533576
54 -13.722075141229118 -15.889019352928077
55 -13.584552265396733 -15.69255299081336
56 -13.667962986614947 -15.873050299798928
57 -13.646600872991984 -15.448295420417413
58 -13.531165639809812 -15.759167589591462
59 -13.628988263005583 -15.209822069789906
60 -13.668881625714375 -15.584753216195239
61 -13.5578461135137 -15.010617285991751
62 -13.61711799215191 -15.191125586636144
63 -13.498287552559502 -15.066099647805009
64 -13.580047377699124 -14.957950733195224
65 -13.599288551890576 -15.055044868387634
66 -13.500577349040414 -14.46111568201854
67 -13.532547420167013 -14.885264157090282
68 -13.59032307024877 -14.244392209955564
69 -13.554023028808722 -14.69185925427466
70 -13.549361505071692 -14.182835651046814
71 -13.572174227799996 -14.32712001787093
72 -13.535354270565605 -14.190441452654541
73 -13.543450264665793 -13.971868715057186
74 -13.563655431839706 -14.02349551754118
75 -13.58522557345981 -13.778982552964086
76 -13.54575682629828 -13.778138599901254
77 -13.500289795175776 -14.988972448050168
78 -15.307888179666213 -16.079838686023113
79 -13.594242493237443 -16.111806446202422
80 -13.720254785627105 -15.840168901661013
81 -13.591691887811622 -15.768090765143668
82 -13.618425496300029 -15.84526067665053
83 -13.584889539805522 -15.415301598628425
84 -13.545040575494541 -15.789774202792634
85 -13.551428818963425 -15.176588518339583
86 -13.619418433313536 -15.680849806834011
87 -13.557574584062907 -14.967558062717263
88 -13.628001695203672 -15.320074824668186
89 -13.587342388310544 -14.96536227767767
90 -13.550050135046831 -14.918617731568546
91 -13.532345638524491 -14.971787486198753
92 -13.584644653139405 -14.561718044275235
93 -13.622407739609237 -14.945626729041102
94 -13.499740106240496 -14.233256140260949
95 -13.58685589827842 -14.711623735767038
96 -13.548002270274864 -14.10408905599363
97 -13.50830588104884 -14.41864366154406
98 -13.583621922806289 -14.135037573929118
99 -13.512024165188654 -14.056244189400713
100 -13.581113138498296 -14.04372650016059
101 -13.576999475691435 -13.78458229752201
102 -13.534250171277646 -13.763345373867034
103 -13.582533318061346 -14.933565105275818
104 -14.549098530187143 -16.072653525934534
105 -14.424234665608232 -16.041254103961407
106 -13.63613625987305 -15.84579130737305
107 -13.630145666049543 -15.855048940189983
108 -13.632947148434157 -15.719891811619009
109 -13.638935122395536 -15.505092000269702
110 -13.642330723959297 -15.678525437975479
111 -13.601384837028634 -15.207502269952974
112 -13.620122593635871 -15.639534378960285
113 -13.5763894323967 -14.960819708215016
114 -13.62355516063439 -15.396290924271893
115 -13.54236647030541 -14.861305711518431
116 -13.542510461260845 -15.020399780685395
117 -13.589490298987238 -14.872320306698597
118 -13.540000481263997 -14.61687085824316
119 -13.574131975730024 -14.82287566069157
120 -13.584932146054141 -14.237997565868811
121 -13.584988836435356 -14.685683791322427
122 -13.512307357178152 -14.092634321802672
123 -13.526794671797061 -14.442796940667986
124 -13.543160974013908 -14.032420296727386
125 -13.6074141131542 -14.170862998190138
126 -13.504965332549439 -14.028447544000507
127 -13.591539378591882 -13.771719503227123
128 -13.54605358993423 -13.787755191608642
129 -13.581685958278449 -14.846846720542818
130 -14.628976075931533 -16.082420105855213
131 -14.456759033971755 -16.107852211363333
132 -13.673850531225364 -15.862588512301329
133 -13.512812368862102 -15.9224266525502
134 -13.581474532118051 -15.635786324505839
135 -13.683154822121457 -15.561286797209553
136 -13.628461392844487 -15.641252924867011
137 -13.582493235334729 -15.203874672051644
138 -13.586966534950639 -15.623200050196894
139 -13.62657302011607 -14.952005282445246
140 -13.630990058897437 -15.458366123033391
141 -12.984959371272756 -14.788719765261186
142 -13.537330065390295 -15.78655904840569
143 -13.597908820753474 -22.942113803668498
144 -13.535933411206187 -22.41918748560369
145 -13.584972004073322 -22.455192445788093
146 -13.544870425447167 -14.343626064070707
147 -13.541348878260052 -14.707402582545967
148 -13.563584302374444 -14.114849132671054
149 -13.542174264159437 -14.427136891532674
150 -13.585519118263868 -14.004652665568344
151 -13.514224086712806 -14.165228539200019
152 -13.509151255484845 -13.938703512224347
153 -13.499224733592913 -13.861009536216573
154 -13.496583006247022 -13.781530709011427
155 -13.550092779143379 -14.761539553096933
156 -15.210614516323611 -16.091515154031534
157 -13.64181150779518 -16.051368246996958
158 -13.688722612363359 -15.860145620835194
159 -13.679039595132458 -15.981326217947329
160 -13.58320564435524 -15.603605984343321
161 -13.59213646850897 -15.643456017407678
162 -13.622363645572813 -15.542038982130753
163 -13.66040502615499 -15.811267626236981
164 -13.588526533273326 -15.51389942341971
165 -13.53534097378863 -14.945572835935298
166 -13.58831404385299 -15.531109123559439
167 -13.608899273666202 -14.729709878937028
168 -13.627177390725011 -15.126214418999588
169 -13.554185232346233 -14.70148825996122
170 -13.567247370183862 -14.78218361021697
171 -13.555878460321338 -14.724076196272339
172 -13.514181360763365 -14.417027385959207
173 -13.630352639453251 -14.691461886136985
174 -13.58455232875253 -14.100442371427128
175 -13.551057781446687 -14.433233672330955
176 -13.546203649723873 -14.000232291942693
177 -13.494483240730611 -14.170222714080605
178 -13.53829338095459 -13.851962608408385
179 -13.601737909514016 -13.953283147968804
180 -13.604321818052028 -13.790697929831557
181 -13.55624262377203 -14.685048514558954
182 -14.549581041816166 -16.07443840810152
183 -14.637307986535106 -16.068783569589385
184 -13.63754697249039 -15.847226988476368
185 -13.677547703989847 -15.952744667115073
186 -13.620319890158221 -15.614412025483738
187 -13.658375428162904 -15.738395192743635
188 -13.598968956493637 -15.475879381141178
189 -13.579959588568629 -15.367329358791055
190 -13.664684135002375 -15.480400431651223
191 -13.593692652858762 -14.973159836761821
192 -13.631281247662356 -15.491818202405357
193 -13.591472529887293 -14.696546991197089
194 -13.592104417715191 -15.215322777165365
195 -13.550094608312653 -14.589877504729198
196 -13.580048942683243 -14.86385694951779
197 -13.552993677134276 -14.60041395110035
198 -13.556791384903052 -14.50294638216962
199 -13.535168916392626 -14.654041931355763
200 -13.570256321849682 -14.147771290256575
201 -13.612478644628249 -14.442776109245564
202 -13.546456041142518 -13.983723564633888
203 -13.54444025469009 -14.182188940055877
204 -13.496993822517062 -13.881021858713936
205 -13.626874055547605 -13.959989976929752
206 -13.584531608584413 -13.792724158403159
207 -13.53856820120784 -14.62408099629005
208 -14.58253951110398 -16.09114116984512
209 -14.390030783655293 -16.055584242892543
210 -13.635565265071236 -15.875487609492847
211 -13.659531732039296 -15.966675742320987
212 -13.620409928898399 -15.60217102788915
213 -13.664340137970916 -15.784689314260923
214 -13.59877112857415 -15.430300740079268
215 -13.635694721987647 -15.439939204025794
216 -13.58763497910396 -15.406181310184753
217 -13.593960367094892 -15.064740784060616
218 -13.582082739155085 -15.400114458591029
219 -13.537314041561103 -14.693991151561006
220 -13.609308112014055 -15.278861792629211
221 -13.545096178660138 -14.534420803824977
222 -13.511595699450387 -14.936909579028978
223 -13.592152352112004 -14.561781478958789
224 -13.632091683583724 -14.59723008696911
225 -13.596746865999764 -14.573654427663877
226 -13.567359972722793 -14.189336812859494
227 -13.549072138077234 -14.40037009411529
228 -13.58134393285687 -13.989174194582818
229 -13.594504716447432 -14.197187823151527
230 -13.575656783123767 -13.865772172585853
231 -13.573341592994593 -13.937206283005047
232 -13.577848388144298 -13.751413697557709
233 -13.580551237957934 -14.53387409614195
234 -15.246596445704869 -16.058070019758937
235 -13.675532276251829 -16.130756669070657
236 -13.63541981341397 -15.84667189601927
237 -13.621571582291656 -15.993226630890149
238 -13.630065074283394 -15.619710085175576
239 -13.679351222185177 -15.851087000333782
240 -13.604265698209373 -15.383179153048193
241 -13.614965760811101 -15.483572999733532
242 -13.578370322192251 -15.293106524370419
243 -13.638597216575894 -15.157631914090473
244 -13.543514245647083 -15.343434131550014
245 -13.617586861819616 -14.820318355101179
246 -13.589007087598622 -15.304860014421314
247 -13.574435822281126 -14.449878755569863
248 -13.585191466952532 -15.443936416961018
249 -13.540907893399163 -14.4478756826384
250 -13.579796147070589 -14.738299925931301
251 -13.587307748077812 -14.511413137661696
252 -13.496391219222057 -14.335269774129225
253 -13.587335923146844 -14.447688930550218
254 -13.580477465361525 -13.985583280755252
255 -13.546797122979084 -14.165317436854009
256 -13.556104771267172 -13.861131664933277
257 -13.589964081071088 -13.952789757278554
258 -13.553850250232733 -13.745990567580586
259 -13.610395084848998 -14.51587078845333
260 -14.628974751539088 -16.087469932223097
261 -14.448544556004693 -16.097648130532626
262 -13.640457510808242 -15.886887606684706
263 -13.599438280439804 -15.943490519438466
264 -13.589176340446052 -15.582833419694069
265 -13.541485711794527 -15.85169735950332
266 -13.578105653484428 -15.353682145433217
267 -13.584369948913404 -15.55546819360209
268 -13.536880766861119 -15.263591696328309
269 -13.651684009226626 -15.27275906722766
270 -13.626795998789762 -15.257820830936824
271 -13.542896144057908 -14.852052715158555
272 -13.550568027180686 -15.254364315462537
273 -13.570981587338546 -14.544622869352782
274 -13.582900464201947 -15.0694466422163
275 -13.620590131719267 -14.404627144792089
276 -13.501785269556109 -14.741586849927351
277 -13.576786650839745 -14.394912426491002
278 -13.582756776805928 -14.386164800568347
279 -13.576185729642669 -14.406528684029881
280 -13.615342601476414 -14.075648098372472
281 -13.578519136389692 -14.173062687955772
282 -13.575074377473214 -13.864234014689927
283 -12.393039544148975 -22.20341483219839
284 -13.545871428542013 -30.04512959393968
285 -13.575495569866744 -30.721727225740157
286 -15.411126828410715 -16.155117484883867
287 -14.454330755981061 -15.981612982713093
288 -13.634570782010506 -15.916130138796264
289 -13.666015753989377 -15.903347176638468
290 -13.589974482495508 -15.627383862019864
291 -13.584910734663579 -15.807442119336624
292 -13.621989456667416 -15.360242287623088
293 -13.628845321650688 -15.7011693719926
294 -13.494754733885722 -15.183772600264783
295 -13.587348861261134 -15.434883535802834
296 -13.552720928116562 -15.139418508168506
297 -13.544422830136254 -15.852127102148629
298 -13.492891592936557 -15.163687869391051
299 -13.58003429158215 -15.190118461509794
