0 1.7401394975835962 1.8418347707758782
1 1.7195520545858782 1.8224297794545123
2 1.6517957606481612 1.8004039921073494
3 1.6396703524196052 1.7769267280176644
4 1.575644334328036 1.7451656650680518
5 1.575644334328036 1.719094572466568
6 1.5421077898091933 1.6817719651055276
7 1.47945310476704 1.6359470823652291
8 1.3715617843624615 1.5917976111001824
9 1.3086882488071447 1.553902048328798
10 1.3086882488071447 1.5075731470594018
11 1.3086882488071447 1.4565268301088101
12 1.2344230099015026 1.4123790731368253
13 1.20541876941793 1.3613217297474705
14 1.2090882974227326 1.3154868286202868
15 1.1742613729524571 1.2789332095489696
16 1.1532690734453008 1.24537365123163
17 1.052438835895511 1.217335946574069
18 1.052438835895511 1.1936491136962484
19 1.052438835895511 1.1687629952764877
20 1.03171774717618 1.1391746324859433
21 1.03171774717618 1.1034880295197294
22 1.03171774717618 1.077356721251578
23 1.028563360333343 1.0587868605567772
24 1.028563360333343 1.0478105856145659
25 1.0180354675780627 1.0431051810175251
26 1.0134658303837707 1.036826061119643
27 1.001862133172303 1.0344240901913968
28 0.9977342494192258 1.0253211878141977
29 1.0008979311881325 1.0201654933381747
30 0.9940911735332941 1.0176612396814868
31 0.9940911735332941 1.009327938682028
32 0.9886668568171826 1.0049680123601596
33 0.9900933934637863 0.9992423537021248
34 0.9858193129243694 0.9966178730269386
35 0.9832335210772163 0.996443455523217
36 0.9808493090074036 0.9922167733837232
37 0.9777759902495444 0.9879481659353716
38 0.9777759902495444 0.9871378353346622
39 0.9777759902495444 0.9837053158991849
40 0.9743219601322008 0.9813854554226096
41 0.9743474600117753 0.9829294678119856
42 0.9724106783434967 0.9779937148255522
43 0.9724106783434967 0.9774379583599587
44 0.9724106783434967 0.9780622691096871
45 0.971139174299274 0.9750296259614614
46 0.9717240094170415 0.9741886729572614
47 0.9713486871041482 0.9736548566100752
48 0.9708848395800465 0.9724881959914149
49 0.9701742707399349 0.972324565396692
50 0.9701742707399349 0.9715687549255377
51 0.9701560539262057 0.9738187436563523
52 0.970075425535503 0.9707875285817255
53 0.9699063509850279 0.9705493816905003
54 0.9697300813375564 0.9703741300522796
55 0.9697300813375564 0.9718996402919036
56 0.9698038860533452 0.9700985101509434
57 0.9697622663551032 0.9699961968511329
58 0.9697622663551032 0.9731712645376545
59 0.9696764367905901 0.9698523531430844
60 0.9696244163378205 0.9697982616712612
61 0.9695674241604386 0.9697475526308517
62 0.9695674241604386 0.9723857570274052
63 0.9695150099998533 0.9696622309717903
64 0.9695150099998533 0.9696194649740458
65 0.9695150099998533 0.9718168642499144
66 0.9695072102788655 0.9695651434579863
67 0.969502564512739 0.9734592391694211
68 0.9694980587911618 0.9695292539123532
69 0.9694929691080193 0.970152808876692
70 0.9694861082248742 0.9716216754292627
71 0.9694827019276137 0.9695033306114365
72 0.969480286813638 0.969497288543877
73 0.9694801539311478 0.9694928179433143
74 0.9694743098162731 0.969488315114902
75 0.969473046904279 0.9694844271155393
76 0.9694702962283381 0.9694812945868415
77 0.969471327671455 0.9694783104298947
78 0.9694700198381361 0.9694762143052361
79 0.9694693950529836 0.9694741139765269
80 0.9694680090193648 0.9718505055565707
81 0.9694680090193648 0.9694708443102865
82 0.9694668537289209 0.9694697690870161
83 0.9694668537289209 0.9694692068740445
84 0.9694659983624893 0.9730151014773516
85 0.9694662548049008 0.969467867270982
86 0.9694662548049008 0.9694673072680507
87 0.9694656502583202 0.9723554177647865
88 0.9694657328068843 0.9708436611595581
89 0.9694658111796743 0.971153847063978
90 0.9694654949104076 0.9723055450521774
91 0.9694651223380559 0.9694659882459176
92 0.9694650801411074 0.9694658069065972
93 0.9694650801411074 0.969465587180541
94 0.9694650801411074 0.9694654453698812
95 0.969465021953958 0.9694653158781915
96 0.9694648615372675 0.9694652276674279
97 0.9694649046825289 0.9694651561187828
98 0.9694648741253917 0.9711316960990662
99 0.9694648375803281 0.9718923651362736
100 0.9694648375803281 0.9694649644426405
101 0.9694648366871106 0.9712675871369288
102 0.9694647953003714 0.9694648860400518
103 0.9694647838909173 0.9694648595533979
104 0.9694647711205697 0.9694648319050719
105 0.9694647673399649 0.972292929695262
106 0.9694647560739384 0.9718835060452449
107 0.9694647526208444 0.9694647943437142
108 0.9694647526208444 0.969464780567525
109 0.9694647458815652 0.9694647701458243
110 0.9694647458815652 0.9708673831573965
111 0.9694647435094577 0.9728579211800076
112 0.9694647416772232 0.9694647530068811
113 0.9694647403584562 0.9694647495225273
114 0.9694647402579422 0.9720128510382756
115 0.9694647373162038 0.969464744816555
116 0.9694647362412403 0.9715202649090994
117 0.9694647353716526 0.9694647409376472
118 0.9694647353716526 0.9694647394770602
119 0.969464735104241 0.9709459945472033
120 0.9694647340471012 0.9694647370102387
121 0.9694647319322452 0.9694647360233409
122 0.9694647333420391 0.9714345078355382
123 0.969464733223337 0.9694647346785656
124 0.9694647328187871 0.9694647341171658
125 0.9694647326188295 0.9694647336943975
126 0.9694647322422919 0.9694647332781763
127 0.969464732128355 0.9694647329772289
128 0.9694647320603557 0.9694647327023661
129 0.9694647320052073 0.9708533777040771
130 0.9694647319044349 0.9694647323423732
131 0.9694647316612904 0.9694647321856267
132 0.9694647316379956 0.9706467447283029
133 0.9694647315390517 0.9694647319439448
134 0.9694647315013345 0.9694647318002728
135 0.9694647314535392 0.9694647316905167
136 0.9694647313602793 0.9713253573328959
137 0.9694647313602793 0.9704070712759754
138 0.9694647313140115 0.9694647314958352
139 0.969464731282129 0.9694647314408452
140 0.9694647312529896 0.9694647313803627
141 0.9694647312529896 0.970614420338422
142 0.969464731236259 0.9705836626685533
143 0.9694647312102596 0.9722488469865993
144 0.9694647312071694 0.9694647312674172
145 0.9694647311846825 0.9694647312457361
146 0.9694647311846825 0.974142354668656
147 0.9694647311846825 0.9694647312140587
148 0.969464731177216 0.9694647312036799
149 0.9694647311757104 0.9707595343662357
150 0.9694647311693405 0.9723649923848745
151 0.9694647311676186 0.9694647311823033
152 0.9694647311645379 0.9703672353596109
153 0.9694647311642872 0.9694647311731035
154 0.9694647311595344 0.9720647306043398
155 0.9694647311595344 0.9694647311671777
156 0.9694647311545112 0.9723662025174779
157 0.9694647311534487 0.9730604103209337
158 0.9694647311534487 0.9694647311598655
159 0.9694647311534487 0.9708081538833909
160 0.9694647311517077 0.9694647311555987
161 0.9694647311513871 0.969464731154178
162 0.9694647311512262 0.9700152022059715
163 0.96946473115094 0.9694647311526351
164 0.9694647311510916 0.9713290694155271
165 0.9694647311507166 0.9694647311518285
166 0.9694647311506226 0.9694647311514529
167 0.9694647311504118 0.9721262074370194
168 0.9694647311500371 0.9694647311510156
169 0.9694647311499565 0.9694647311508365
170 0.9694647311498368 0.9699908141663584
171 0.969464731149713 0.9710705217676536
172 0.9694647311496835 0.96946473115027
173 0.9694647311494832 0.9694647311500552
174 0.9694647311494832 0.9694647311499002
175 0.969464731149395 0.9694647311497704
176 0.9694647311493038 0.9694647311496792
177 0.9694647311493803 0.975864572968141
178 0.9694647311493773 0.9694647311495154
179 0.9694647311493545 0.969464731149464
180 0.9694647311492809 0.9694647311494206
181 0.9694647311492809 0.9694647311493896
182 0.9694647311492809 0.9694647311493507
183 0.9694647311492683 0.9694647311493204
184 0.9694647311492499 0.9701827758188761
185 0.9694647311492428 0.9694647311492851
186 0.9694647311492277 0.9694647311492728
187 0.9694647311492304 0.9694647311492612
188 0.969464731149225 0.970040987291052
189 0.9694647311492166 0.9694647311492406
190 0.9694647311492095 0.9694647311492333
191 0.9694647311492044 0.9719845812402421
192 0.9694647311491982 0.9754304732867805
193 0.9694647311491968 0.9734061098843029
194 0.9694647311491951 0.9718194393902518
195 0.9694647311491926 0.9694647311492038
196 0.9694647311491904 0.9696110766084735
197 0.9694647311491884 0.9720775430482875
198 0.9694647311491875 0.9734586957355564
199 0.9694647311491866 0.9694647311491923
