0 34.176402656085564 162.24771297118843
1 23.088978480963302 122.27604082371143
2 16.710712926763172 78.69202347339477
3 10.189906074125 52.22372552788298
4 10.189906074125 30.857410719157613
5 5.767453556596111 21.942400600329755
6 4.937093990433536 16.793101138911783
7 3.3153729743872717 12.22973703745737
8 2.6648294191988677 8.304985313884158
9 2.381870165730291 5.9345821026173375
10 1.9150162082952915 4.455214886278452
11 1.5652927205991918 3.302039843307677
12 1.3699805596337924 2.7089812144301333
13 1.2841018855733106 2.2792441363212235
14 1.151205473175623 1.8073810086298643
15 1.0166549950417336 1.574879776452432
16 1.0166549950417336 1.3702330268893026
17 0.9704539170695033 1.2846450660455109
18 0.8729683862656576 1.2015082060400648
19 0.6926313662718229 1.135663360690704
20 0.6926313662718229 1.1111908763947849
21 0.6926313662718229 1.0704147817811438
22 0.6926313662718229 1.0344924901581147
23 0.6927428625834797 1.0049412329692842
24 0.5041262218747337 0.9864740789788943
25 0.35453160679812057 0.986039719290121
26 0.35453160679812057 0.9528191836312281
27 0.35453160679812057 0.9333157529367334
28 0.35453160679812057 0.9065854566670386
29 0.35453160679812057 0.8799937647499602
30 0.33375092518689 0.7770198392842196
31 0.33375092518689 0.7159771183666537
32 0.33375092518689 0.699385201730419
33 0.33375092518689 0.6914135463594198
34 0.33375092518689 0.583405316870725
35 0.33375092518689 0.4028741014711491
36 0.35453160679812035 0.3917523207238901
37 0.35453160679812035 0.3545316067981195
38 0.3545316067981201 0.3545316067981195
39 0.3360897503240613 0.3553522778273157
40 0.3360897503240613 0.35440866108829244
41 0.24442774445123172 0.35378525563369706
42 0.24442774445123172 0.3522900413141244
43 0.22169711692213367 0.3486232074049837
44 0.22056655955493187 0.3358591751977805
45 0.2201222814588465 0.3010850437517029
46 0.15994354738150862 0.26625932990592605
47 0.15994354738150862 0.2336122607972065
48 0.15824259895231363 0.21782371774318443
49 0.15630182922916314 0.2037888780392324
50 0.14277841042473383 0.1856073743363325
51 0.13254247486140813 0.1689989384780156
52 0.12403659555031876 0.15921769155696194
53 0.118538028522153 0.14871528781416532
54 0.11811661523795958 0.13959719822866623
55 0.11042925056117259 0.12988584129819883
56 0.10359184288813683 0.12288875520634716
57 0.10088649468256905 0.11866542974121579
58 0.09317366685336559 0.11476806307507967
59 0.08195135664821951 0.10891621296790342
60 0.07151009490473814 0.1043182461680832
61 0.06955669110327434 0.09663336619417366
62 0.06174323394515957 0.08967247569417627
63 0.06174323394515957 0.0801995343499996
64 0.05716716792453036 0.07466630197657298
65 0.05663929321807459 0.07007534554065695
66 0.05249531910411165 0.06827935896515908
67 0.05241370015688429 0.06224683472429317
68 0.05158068001775007 0.05919570144109959
69 0.05158068001775007 0.056740182666154826
70 0.046315673303209404 0.054916313801068824
71 0.045655333597363734 0.05320880528164632
72 0.04474198523831563 0.052146000907562134
73 0.03862936124866467 0.05095589367533509
74 0.03862936124866467 0.04865139646731506
75 0.03862936124866467 0.04614795460355428
76 0.03862936124866467 0.04205708382771681
77 0.038599279553720556 0.04028908665759741
78 0.03837704553397858 0.03917016339147737
79 0.03818098702650341 0.038744235159905716
80 0.038016897771056435 0.038551478157475824
81 0.037666490707271016 0.038846622276477845
82 0.037666490707271016 0.03861186969277764
83 0.03757116091488699 0.039493851474765446
84 0.037544052735375755 0.03830642855087045
85 0.03736260797005975 0.04005550123194445
86 0.0371864176711747 0.03771617267333573
87 0.037154358499511986 0.03763058290637526
88 0.037154358499511986 0.037553466842335306
89 0.03702432938215727 0.03743504352182567
90 0.037016085057046566 0.037324592445081406
91 0.037016085057046566 0.0372137595063888
92 0.03700576347007822 0.03754078384682015
93 0.036980494302879086 0.03707318911258492
94 0.03697625095060997 0.03703285773267648
95 0.036965030725960024 0.03700927653076409
96 0.036965030725960024 0.037760572046022345
97 0.036960878622638305 0.03738526681730451
98 0.03695503781628473 0.0369765107231267
99 0.03695503781628473 0.036968527961170804
100 0.036952657454571436 0.03745419492096964
101 0.0369502342222483 0.03695898800205775
102 0.03694857483620129 0.036955994692247994
103 0.03694857483620129 0.036954482473012584
104 0.03694785953675572 0.03695290299395463
105 0.03694778343086058 0.03703795768429823
106 0.03694737035804718 0.03699569854308407
107 0.036947238148739014 0.036948759179585754
108 0.036946293068285896 0.03694825864650697
109 0.036946293068285896 0.03694792393203597
110 0.0369461870697424 0.03718856390840964
111 0.0369461870697424 0.036947210780035246
112 0.03694601322891777 0.03727182103147601
113 0.03694601322891777 0.039290786540733855
114 0.036945985666738124 0.03694632048088626
115 0.0369458832084657 0.03694617426915035
116 0.0369458832084657 0.03694606873140217
117 0.036945854644115816 0.0371342795865811
118 0.036945839640468714 0.03694597030206408
119 0.03694581995378876 0.03694592343409824
120 0.036945815057863984 0.03694589444127624
121 0.036945801300522385 0.03694586749117647
122 0.03694579953192323 0.0369458423691921
123 0.03694579624473571 0.03694582271415593
124 0.03694579169977197 0.03694580972249909
125 0.036945789799523676 0.036945802108551404
126 0.036945786499865796 0.03701009005440505
127 0.03694578495215051 0.036945793583246726
128 0.03694578424986261 0.036976498493428045
129 0.036945783756327955 0.03704513109678599
130 0.036945783756327955 0.03720646700435179
131 0.036945782804190364 0.03705091861032771
132 0.03694578271783233 0.036945784206042026
133 0.03694578242177127 0.03694578370770892
134 0.03694578237777135 0.03694578322135834
135 0.03694578243414626 0.037692266380136084
136 0.036945782327340915 0.03694578274048562
137 0.03694578228870127 0.036945782584812216
138 0.03694578228870127 0.036945782492664975
139 0.03694578226646794 0.03694578241570691
140 0.03694578224105849 0.03694578235593951
141 0.036945782230382695 0.03694578231290102
142 0.03694578222948652 0.03696138268365419
143 0.03694578222682143 0.03694578226047703
144 0.03694578222054434 0.03694578224874148
145 0.03694578221843681 0.03694578223869761
146 0.03694578221810374 0.037409630714461815
147 0.03694578221739575 0.03699396551373614
148 0.036945782215462075 0.03694578222033641
149 0.036945782214836576 0.0369457822186124
150 0.03694578221467659 0.03694578221758363
151 0.03694578221456446 0.03694578221649427
152 0.036945782214525824 0.03731619825423827
153 0.03694578221422318 0.03694882178804063
154 0.0369457822141489 0.0369457822147971
155 0.03694578221411782 0.03694578221461738
156 0.03694578221402822 0.03694578221443509
157 0.03694578221397671 0.03694578221425261
158 0.03694578221397182 0.037081207560209134
159 0.0369457822139202 0.03742523555962709
160 0.03694578221391476 0.03816109562994224
161 0.03694578221390776 0.03694578221400293
162 0.03694578221389033 0.03694578221397167
163 0.03694578221387834 0.03740974134705073
164 0.036945782213876455 0.037921979513368925
165 0.03694578221386291 0.03703575370204516
166 0.03694578221385536 0.03702323227412035
167 0.036945782213849476 0.03694578221388049
168 0.03694578221384437 0.0369457822138687
169 0.03694578221384093 0.036973742174215084
170 0.03694578221383682 0.03694578221385577
171 0.03694578221382894 0.036945782213849435
172 0.03694578221382894 0.03694578221384445
173 0.03694578221382894 0.03817528874726991
174 0.03694578221382694 0.03694578221383763
175 0.036945782213826606 0.03694578221383424
176 0.036945782213825606 0.03694578221383119
177 0.036945782213825606 0.03695389749618924
178 0.036945782213825384 0.036945782213827376
179 0.03694578221382472 0.039669402264313924
180 0.03694578221382472 0.036945782213825905
181 0.036945782213824274 0.03698617012380326
182 0.036945782213824274 0.03694578221382517
183 0.03694578221382416 0.036945782213824864
184 0.03694578221382405 0.037042868114640276
185 0.03694578221382405 0.03694578221382455
186 0.03694578221382405 0.036945782213824455
187 0.03694578221382405 0.03725336162259046
188 0.03694578221382405 0.036945782213824274
189 0.03694578221382405 0.037046718155837204
190 0.03694578221382405 0.03694578221382422
191 0.03694578221382394 0.036945782213824156
192 0.03694578221382405 0.03707640829594024
193 0.03694578221382394 0.03694578221382415
194 0.03694578221382394 0.03694578221382412
195 0.03694578221382394 0.037041846111464466
196 0.03694578221382394 0.036945782213824184
197 0.03694578221382394 0.03706940256921735
198 0.03694578221382394 0.03694578221382405
199 0.03694578221382394 0.03694578221382395
