0 0.39258612275381166 204.5676222095026
1 0.39258612275381166 65.050523498147
2 0.24483729337290142 65.91023642095986
3 0.24483729337290142 50.66384688806664
4 0.24483729337290142 32.41538665476291
5 0.24483729337290142 42.8461935064563
6 0.04125671975729618 42.00409375463406
7 0.026039951660071267 34.68361591465884
8 0.018679436342322397 6.728733330982614
9 0.004917565707472675 10.112753553027606
10 0.005589629605622971 3.592551795801034
11 0.0006746478418012608 1.2364138541595429
12 4.1524589610402495e-06 0.022381869979473355
13 4.1524589610402495e-06 0.009648478103976565
14 1.892621088193657e-06 0.0031551424460238794
15 1.0303617362364107e-08 0.0010039922653570911
16 1.0303617362364107e-08 0.00033162946119114913
17 1.0303617362364107e-08 8.661122620380653e-05
18 1.0303617362364107e-08 2.3390394306630707e-05
19 1.8760253914595e-09 5.0204438784185465e-06
20 1.7722922349442021e-09 1.1187715938650129e-06
21 2.5377915096393504e-10 1.8949145734126667e-07
22 5.380768832784058e-11 0.12404678088971605
23 5.380768832784058e-11 6.412015752761894e-09
24 5.380768832784058e-11 3.215867703479551e-09
25 9.312298620162444e-12 1.2628922593712277e-09
26 8.838799663286995e-12 5.189814183203898e-10
27 3.776138677698633e-12 2.193743913376657e-10
28 3.776138677698633e-12 1.1156539046505026e-10
29 1.7800180956987137e-13 4.0390690880020464e-11
30 1.4062506244840113e-13 1.843220485659712e-11
31 2.1461922126338718e-13 0.0602788105371382
32 6.739275985362038e-14 4.694613517568033e-12
33 2.8141301574046492e-14 1.8858160465802935e-12
34 1.3220543584887971e-14 9.36713988978312e-13
35 3.927667615158772e-15 2.8272425302789045e-13
36 1.8855146772811074e-15 1.048078703380061e-13
37 1.631555086185815e-15 4.478254955627405e-14
38 2.7145198343143345e-17 1.7004511481676073e-14
39 2.915928649379016e-18 5.6838724939267896e-15
40 2.915928649379016e-18 2.2191611526866624e-15
41 4.458684811005806e-18 6.346676267948944e-16
42 4.586105088942739e-18 2.37125269804529e-16
43 2.8522326290138913e-18 8.813145501988255e-17
44 2.160785713971062e-19 2.4698932823875526e-17
45 1.9968796526300333e-19 0.003197410605976525
46 1.9251625602832684e-19 8.57785190408342e-18
47 2.9399671131217175e-20 3.9337680846713114e-18
48 1.2272357396587898e-20 1.6882583434312551e-18
49 1.869647854521815e-21 4.129513363360843e-19
50 5.034489092539365e-22 0.0025409330056048963
51 5.034489092539365e-22 3.434420133800931e-20
52 7.875983806738599e-23 1.072380240480501e-20
53 3.331441644282476e-24 4.4232254652534565e-21
54 3.331441644282476e-24 1.3528166184314358e-21
55 9.606259010020245e-24 3.9585020946859385e-22
56 2.3840086530593676e-25 1.7319755619869114e-22
57 8.040070346012552e-27 8.848203166798416e-23
58 8.040070346012552e-27 5.2235238654414486e-23
59 8.040070346012552e-27 2.216569918788437e-23
60 8.040070346012552e-27 9.687874248989122e-24
61 2.5874637691249187e-27 3.7814713658508294e-24
62 2.5874637691249187e-27 1.2779341876289396e-24
63 2.060504684437283e-27 3.3326371892797016e-25
64 5.498360509390452e-28 6.707220952789263e-26
65 1.0097419586828951e-28 2.241961625299841e-26
66 4.1020767071492614e-29 4.7616748644407585e-27
67 1.9721522630525295e-29 2.163519400513744e-27
68 1.5777218104420236e-29 8.365554355506742e-28
69 0.0 2.637004233972798e-28
70 0.0 0.030914859725415578
71 0.0 3.4057754814741815e-29
72 0.0 1.493576647218449e-29
73 0.0 4.812051521848172e-30
74 0.0 4.733165431326071e-31
75 0.0 2.3665827156630353e-31
76 0.0 0.0
77 0.0 8.41451632235746e-32
78 0.0 3.7865323450608565e-31
79 0.0 0.0
80 0.0 0.0
81 0.0 1.262177448353619e-31
82 0.0 8.41451632235746e-32
83 0.0 5.048709793414476e-31
84 0.0 2.103629080589365e-31
85 0.0 4.20725816117873e-32
86 0.0 5.048709793414476e-31
87 0.0 0.0
88 0.0 3.365806528942984e-31
89 0.0 4.20725816117873e-31
90 0.0 4.20725816117873e-32
91 0.0 3.365806528942984e-31
92 0.0 4.20725816117873e-32
93 0.0 0.0
94 0.0 1.682903264471492e-31
95 0.0 8.41451632235746e-32
96 0.0 3.365806528942984e-31
97 0.0 2.524354896707238e-31
98 0.0 8.41451632235746e-32
99 0.0 4.20725816117873e-31
100 0.0 4.20725816117873e-32
101 0.0 5.469435609532349e-31
102 0.0 2.103629080589365e-31
103 0.0 3.7865323450608565e-31
104 0.0 2.945080712825111e-31
105 0.0 0.0
106 0.0 0.015985761296896106
107 0.0 0.0
108 0.0 8.41451632235746e-32
109 0.0 4.20725816117873e-32
110 0.0 4.20725816117873e-32
111 0.0 0.0039713209866443396
112 0.0 8.41451632235746e-32
113 0.0 1.682903264471492e-31
114 0.0 0.0393590960621959
115 0.0 2.524354896707238e-31
116 0.0 0.0
117 0.0 3.7865323450608565e-31
118 0.0 4.627983977296603e-31
119 0.0 1.682903264471492e-31
120 0.0 3.365806528942984e-31
121 0.0 2.524354896707238e-31
122 0.0 3.7865323450608565e-31
123 0.0 0.026139817506451567
124 0.0 0.0
125 0.0 3.365806528942984e-31
126 0.0 1.682903264471492e-31
127 0.0 0.008742430868638974
128 0.0 0.10051396146483266
129 0.0 2.103629080589365e-31
130 0.0 3.7865323450608565e-31
131 0.0 3.365806528942984e-31
132 0.0 0.0072753079975666456
133 0.0 0.0
134 0.0 1.262177448353619e-31
135 0.0 3.7865323450608565e-31
136 0.0 3.7865323450608565e-31
137 0.0 4.20725816117873e-32
138 0.0 2.103629080589365e-31
139 0.0 2.103629080589365e-31
140 0.0 5.469435609532349e-31
141 0.0 1.682903264471492e-31
142 0.0 4.20725816117873e-32
143 0.0 0.03864394915087013
144 0.0 3.7865323450608565e-31
145 0.0 2.103629080589365e-31
146 0.0 1.262177448353619e-31
147 0.0 3.7865323450608565e-31
148 0.0 0.0
149 0.0 0.000548687314172071
150 0.0 0.0
151 0.0 1.682903264471492e-31
152 0.0 2.524354896707238e-31
153 0.0 0.019712858186544235
154 0.0 0.13943919644932695
155 0.0 4.20725816117873e-32
156 0.0 0.0
157 0.0 3.7865323450608565e-31
158 0.0 0.0
159 0.0 2.103629080589365e-31
160 0.0 0.0
161 0.0 1.682903264471492e-31
162 0.0 2.945080712825111e-31
163 0.0 4.20725816117873e-32
164 0.0 0.0
165 0.0 0.0
166 0.0 8.41451632235746e-32
167 0.0 1.682903264471492e-31
168 0.0 0.0
169 0.0 1.682903264471492e-31
170 0.0 2.103629080589365e-31
171 0.0 1.682903264471492e-31
172 0.0 4.20725816117873e-32
173 0.0 4.20725816117873e-32
174 0.0 0.0035295027011518127
175 0.0 0.0
176 0.0 8.41451632235746e-32
177 0.0 3.365806528942984e-31
178 0.0 3.7865323450608565e-31
179 0.0 2.524354896707238e-31
180 0.0 5.048709793414476e-31
181 0.0 4.20725816117873e-32
182 0.0 4.20725816117873e-32
183 0.0 0.0
184 0.0 1.682903264471492e-31
185 0.0 0.0
186 0.0 0.0075642612788302385
187 0.0 1.682903264471492e-31
188 0.0 3.365806528942984e-31
189 0.0 5.048709793414476e-31
190 0.0 3.365806528942984e-31
191 0.0 1.682903264471492e-31
192 0.0 0.003939990531472047
193 0.0 4.20725816117873e-32
194 0.0 2.103629080589365e-31
195 0.0 0.0
196 0.0 3.7865323450608565e-31
197 0.0 4.20725816117873e-32
198 0.0 1.682903264471492e-31
199 0.0 4.20725816117873e-32
