0 28.0 9.564
1 59.0 10.408
2 60.0 11.08
3 67.0 12.608
4 206.0 17.284
5 225.0 21.772
6 225.0 33.164
7 381.0 36.208
8 381.0 46.884
9 381.0 67.416
10 411.0 78.9
11 411.0 87.824
12 411.0 101.468
13 387.0 115.796
14 546.0 163.044
15 546.0 203.956
16 639.0 227.276
17 888.0 242.224
18 888.0 249.408
19 999.0 255.744
20 999.0 282.7
21 999.0 309.1
22 999.0 300.012
23 999.0 337.36
24 1061.0 365.992
25 1061.0 417.1
26 1133.0 428.304
27 1387.0 449.004
28 5000.0 535.132
29 5000.0 533.736
30 5000.0 603.552
31 5000.0 731.86
32 5000.0 985.196
33 5000.0 1500.152
34 5000.0 1906.82
35 5000.0 2891.392
36 5000.0 3265.932
37 5000.0 3449.704
38 5000.0 3635.792
39 5000.0 3448.724
40 5000.0 3500.852
41 5000.0 3772.62
42 5000.0 4000.952
43 5000.0 3816.384
44 5000.0 4038.032
45 5000.0 4035.044
46 5000.0 4059.884
47 5000.0 3974.312
48 5000.0 4250.864
49 5000.0 4221.592
50 5000.0 4289.384
51 5000.0 4146.528
52 5000.0 4197.632
53 5000.0 4246.852
54 5000.0 4167.548
55 5000.0 4258.4
56 5000.0 3899.428
57 5000.0 4236.616
58 5000.0 4285.936
59 5000.0 4042.184
60 5000.0 3895.536
61 5000.0 4300.192
62 5000.0 4344.056
63 5000.0 4296.084
64 5000.0 4139.252
65 5000.0 4133.176
66 5000.0 4154.976
67 5000.0 4292.408
68 5000.0 4244.316
69 5000.0 4164.272
70 5000.0 4118.428
71 5000.0 4385.444
72 5000.0 4262.372
73 5000.0 4288.292
74 5000.0 4194.196
75 5000.0 4130.66
76 5000.0 4299.304
77 5000.0 4340.064
78 5000.0 4160.576
79 5000.0 4376.612
80 5000.0 4293.016
81 5000.0 4441.58
82 5000.0 4379.804
83 5000.0 4339.836
84 5000.0 4267.252
85 5000.0 4258.8
86 5000.0 4183.856
87 5000.0 4374.24
88 5000.0 4212.784
89 5000.0 4328.828
90 5000.0 4513.68
91 5000.0 4183.092
92 5000.0 4385.588
93 5000.0 4525.804
94 5000.0 4356.672
95 5000.0 4318.832
96 5000.0 4191.668
97 5000.0 4427.584
98 5000.0 4435.94
99 5000.0 4073.244
100 5000.0 4245.384
101 5000.0 4278.032
102 5000.0 4301.044
103 5000.0 4354.704
104 5000.0 4246.636
105 5000.0 3971.168
106 5000.0 4123.42
107 5000.0 4162.572
108 5000.0 4085.24
109 5000.0 4240.068
110 5000.0 4184.492
111 5000.0 4322.66
112 5000.0 4303.148
113 5000.0 4138.324
114 5000.0 4208.472
115 5000.0 4215.236
116 5000.0 4279.808
117 5000.0 4321.404
118 5000.0 4276.78
119 5000.0 4513.548
120 5000.0 4515.644
121 5000.0 4225.868
122 5000.0 4334.412
123 5000.0 4322.368
124 5000.0 4203.356
125 5000.0 4604.832
126 5000.0 4319.504
127 5000.0 4528.944
128 5000.0 4345.312
129 5000.0 4492.548
130 5000.0 4379.712
131 5000.0 4331.384
132 5000.0 4302.548
133 5000.0 4561.524
134 5000.0 4375.74
135 5000.0 4201.204
136 5000.0 4165.568
137 5000.0 4353.532
138 5000.0 4362.192
139 5000.0 4256.232
140 5000.0 4384.984
141 5000.0 4526.72
142 5000.0 4419.436
143 5000.0 4634.596
144 5000.0 4403.172
145 5000.0 4438.24
146 5000.0 4402.4
147 5000.0 4322.364
148 5000.0 4238.904
149 5000.0 4359.292
150 5000.0 4510.476
151 5000.0 4173.82
152 5000.0 4265.76
153 5000.0 4195.812
154 5000.0 4382.848
155 5000.0 4264.464
156 5000.0 4315.508
157 5000.0 4371.64
158 5000.0 4470.368
159 5000.0 4326.684
160 5000.0 4566.272
161 5000.0 4490.992
162 5000.0 4275.856
163 5000.0 4365.596
164 5000.0 4509.916
165 5000.0 4409.736
166 5000.0 4432.508
167 5000.0 4438.02
168 5000.0 4412.98
169 5000.0 4274.748
170 5000.0 4353.392
171 5000.0 4396.696
172 5000.0 4517.72
173 5000.0 4549.684
174 5000.0 4536.144
175 5000.0 4532.74
176 5000.0 4491.368
177 5000.0 4216.144
178 5000.0 4227.704
179 5000.0 4549.892
180 5000.0 4460.608
181 5000.0 4656.228
182 5000.0 4455.9
183 5000.0 4626.26
184 5000.0 4310.712
185 5000.0 4490.696
186 5000.0 4383.94
187 5000.0 4456.152
188 5000.0 4357.972
189 5000.0 4401.816
190 5000.0 4281.92
191 5000.0 4220.252
192 5000.0 4292.272
193 5000.0 4285.212
194 5000.0 4379.124
195 5000.0 4346.884
196 5000.0 4220.484
197 5000.0 4145.572
198 5000.0 4134.808
199 5000.0 4514.864
200 5000.0 4259.46
201 5000.0 4611.536
202 5000.0 4207.988
203 5000.0 4259.384
204 5000.0 4260.676
205 5000.0 4493.912
206 5000.0 4315.172
207 5000.0 4174.76
208 5000.0 4365.656
209 5000.0 4411.212
210 5000.0 4156.588
211 5000.0 4614.24
212 5000.0 4400.748
213 5000.0 4187.296
214 5000.0 4000.624
215 5000.0 4237.244
216 5000.0 4100.768
217 5000.0 4159.736
218 5000.0 4137.32
219 5000.0 4256.572
220 5000.0 4241.892
221 5000.0 4237.876
222 5000.0 4430.868
223 5000.0 4300.452
224 5000.0 4231.524
225 5000.0 4424.88
226 5000.0 4411.116
227 5000.0 4409.732
228 5000.0 4359.12
229 5000.0 4208.924
230 5000.0 4268.968
231 5000.0 4152.836
232 5000.0 4240.748
233 5000.0 3855.44
234 5000.0 4220.06
235 5000.0 4303.296
236 5000.0 4349.324
237 5000.0 4434.06
238 5000.0 4094.78
239 5000.0 4149.568
240 5000.0 4008.38
241 5000.0 4333.52
242 5000.0 4296.948
243 5000.0 4314.796
244 5000.0 4334.624
245 5000.0 4282.404
246 5000.0 4288.576
247 5000.0 4233.568
248 5000.0 4406.928
249 5000.0 4527.836
250 5000.0 4374.324
251 5000.0 4278.7
252 5000.0 4417.924
253 5000.0 4298.316
254 5000.0 4351.204
255 5000.0 4364.444
256 5000.0 4466.724
257 5000.0 4492.272
258 5000.0 4464.832
259 5000.0 4552.78
260 5000.0 4484.656
261 5000.0 4522.268
262 5000.0 4273.504
263 5000.0 4312.492
264 5000.0 4356.816
265 5000.0 4513.692
266 5000.0 4412.156
267 5000.0 4554.504
268 5000.0 4414.668
269 5000.0 4495.692
270 5000.0 4402.468
271 5000.0 4567.952
272 5000.0 4373.368
273 5000.0 4410.408
274 5000.0 4455.836
275 5000.0 4515.076
276 5000.0 4501.764
277 5000.0 4381.92
278 5000.0 4387.292
279 5000.0 4161.88
280 5000.0 4314.788
281 5000.0 4321.26
282 5000.0 4578.012
283 5000.0 4366.184
284 5000.0 4462.548
285 5000.0 4337.932
286 5000.0 4524.82
287 5000.0 4531.86
288 5000.0 4398.06
289 5000.0 4280.004
290 5000.0 4532.56
291 5000.0 4462.436
292 5000.0 4308.884
293 5000.0 4195.248
294 5000.0 4346.008
295 5000.0 4220.58
296 5000.0 4370.392
297 5000.0 4364.608
298 5000.0 4342.38
299 5000.0 4276.388
